0 1 2 3 4 5 6 7 8 9 0 1 2 3 4 5 6 7 8 9 0 1 2 3 4 5 6 7 8 9 







I 0,0 O 13,7 C 0,4 5,0 13,0 13, 11
0 0 0 0 \ 0 0 0 0 0 0 0 0 0 0 0 0 0 0 / \ 0 0 0 
0 0 0 0 0 \ 0 0 0 0 0 0 0 0 0 0 0 0 / 0 0 \ 0 0 
0 0 0 0 0 0 \ 0 0 0 0 0 0 0 0 0 0 / 0 0 0 0 \ 0 
0 0 0 > 0 0 0 \ 0 0 0 0 0 0 0 0 / 0 0 0 0 0 0 \ 
\ 0 0 0 0 0 0 0 \ 0 0 0 0 0 0 / 0 0 0 0 0 0 0 0 
0 \ 0 0 0 0 0 0 0 \ 0 0 0 0 / 0 0 0 0 0 0 0 0 0 
0 0 \ 0 0 0 0 0 0 0 \ 0 0 / 0 0 0 0 0 0 0 0 0 0 
0 0 0 \ 0 0 0 0 0 0 0 \ / 0 0 0 0 0 0 0 0 0 0 0 
0 0 0 / 0 0 0 0 0 0 0 / \ 0 0 0 0 0 0 0 \ 0 0 0 
0 0 / 0 0 0 0 0 0 0 / 0 0 \ 0 0 0 0 0 0 0 \ 0 0 
0 / 0 0 0 0 0 0 0 / 0 0 0 0 \ 0 0 0 0 0 0 0 \ 0 
/ 0 0 0 0 0 0 0 / 0 0 0 0 0 0 \ 0 0 0 0 0 0 0 \ 
\ 0 0 0 0 0 0 0 0 0 0 0 0 0 0 0 0 0 0 0 0 0 0 / 
0 \ 0 0 0 0 0 0 0 0 0 0 0 0 0 0 0 0 0 0 0 0 / 0 
0 0 \ 0 0 0 0 0 0 0 0 0 0 0 0 0 0 0 0 0 0 / 0 0 
0 ~ 0 \ 0 0 0 0 0 0 0 0 0 0 0 0 0 0 0 0 / 0 0 0 
0 0 0 0 \ 0 0 0 0 0 0 / \ 0 0 0 0 0 0 / 0 0 0 0 
0 0 0 0 0 \ 0 0 0 0 / 0 0 \ 0 0 0 0 / 0 0 0 0 0 
0 0 0 0 0 0 \ 0 0 / 0 0 0 0 \ 0 0 / 0 0 0 0 0 0 
0 0 0 0 0 0 0 \ / 0 0 0 0 0 0 \ / 0 0 0 0 0 0 0 

0 0 0 0 0 0 0 0 0 0 0 0 0 0 0 0 0 0 0 / \ 0 0 0
0 0 0 0 0 0 0 0 0 0 0 0 0 0 0 0 0 0 / 0 0 \ 0 0
0 0 0 0 0 0 0 0 0 0 0 0 0 0 0 0 0 / 0 0 0 0 \ 0
0 0 0 0 0 0 0 0 0 0 0 0 0 0 0 0 / 0 0 0 0 0 0 \
\ 0 0 0 0 0 0 0 0 0 0 0 0 0 0 / 0 0 0 0 0 0 0 0
0 \ 0 0 0 0 0 0 0 0 0 0 0 0 / 0 0 0 0 0 0 0 0 0
0 0 \ 0 0 0 0 0 0 0 0 0 0 / 0 0 0 0 0 0 0 0 0 0
0 0 0 \ 0 0 0 0 0 0 0 0 / 0 0 0 0 0 0 0 0 0 0 0
0 0 0 0 \ 0 0 0 0 0 0 / 0 0 0 0 0 0 0 / 0 0 0 0
0 0 0 0 0 \ 0 0 0 0 / 0 0 0 0 0 0 0 / 0 0 0 0 0
0 0 0 0 0 0 \ 0 0 / 0 0 0 0 0 0 0 / 0 0 0 0 0 0
0 0 0 0 0 0 0 \ / 0 0 0 0 0 0 0 / 0 0 0 0 0 0 0
\ 0 0 0 0 0 0 0 0 0 0 0 0 0 0 / \ 0 0 0 0 0 0 0
0 \ 0 0 0 0 0 0 0 0 0 0 0 0 / 0 0 \ 0 0 0 0 0 0
0 0 \ 0 0 0 0 0 0 0 0 0 0 / 0 0 0 0 \ 0 0 0 0 0
0 0 0 \ 0 0 0 0 0 0 0 0 / 0 0 0 0 0 0 \ 0 0 0 0
0 0 0 0 \ 0 0 0 0 0 0 / 0 0 0 0 0 0 0 0 \ 0 0 0
0 0 0 0 0 \ 0 0 0 0 / 0 0 0 0 0 0 0 0 0 0 \ 0 0
0 0 0 0 0 0 \ 0 0 / 0 0 0 0 0 0 0 0 0 0 0 0 \ 0
0 0 0 0 0 0 0 \ / 0 0 0 0 0 0 0 0 0 0 0 0 0 0 \
