0 0 0 0 0 0 0 0 0 0 0 0 0 0 0 0 0 0 0 0 0 0 0 0 0 0 0 0 0 0 0 0 0 0 0 0 0 0 0 0
0 0 0 0 0 0 0 0 0 0 0 0 0 0 0 0 0 0 0 0 0 0 0 0 0 0 0 0 0 0 0 0 0 0 0 0 0 0 0 0
0 0 0 0 0 0 0 0 0 0 0 0 0 0 0 0 0 0 0 0 0 0 0 0 0 0 0 0 0 0 0 0 0 0 0 0 0 0 0 0
0 0 0 0 0 0 0 0 0 0 0 0 0 0 0 0 0 0 0 0 0 0 0 0 0 0 0 0 0 0 0 0 0 0 0 0 0 0 0 0
0 0 0 0 0 0 0 0 0 0 0 0 0 0 0 0 0 0 0 0 0 0 0 0 0 0 0 0 0 0 0 0 0 0 0 0 0 0 0 0
0 0 0 0 0 0 0 0 0 0 0 0 0 0 0 0 0 0 0 0 0 0 0 0 0 0 0 0 0 0 0 0 0 0 0 0 0 0 0 0
0 0 0 0 0 0 0 0 0 0 0 0 0 0 0 0 0 0 0 0 0 0 0 0 0 0 0 0 0 0 0 0 0 0 0 0 0 0 0 0
0 0 0 0 0 V 0 0 0 0 0 0 0 0 0 0 0 0 0 0 0 0 0 G 0 0 0 0 0 0 0 0 0 0 0 0 0 0 0 0
0 0 0 0 0 0 0 0 0 0 0 0 0 0 0 0 0 0 0 0 0 0 0 0 0 0 0 0 0 0 0 0 0 0 0 0 0 0 0 0
0 0 0 0 0 0 0 0 0 0 0 0 0 0 0 0 0 0 0 0 0 0 0 0 0 0 0 0 0 0 0 0 0 0 0 0 0 0 0 0
0 0 0 0 0 0 0 0 0 0 0 0 0 0 0 0 0 0 0 0 0 0 0 0 0 0 0 0 0 0 0 0 0 0 0 0 0 0 0 0
0 0 0 0 0 0 0 0 0 0 0 0 0 0 0 0 0 0 0 0 0 0 0 0 0 0 0 0 0 0 0 0 0 0 0 0 0 0 0 0
0 0 0 0 0 0 0 0 0 0 0 0 0 0 0 0 0 0 0 0 0 0 0 0 0 0 0 0 0 0 0 0 0 0 0 0 0 0 0 0
0 0 0 0 0 0 0 0 0 0 0 0 0 0 0 0 0 0 0 0 0 0 0 0 0 0 0 0 0 0 0 0 0 0 0 0 0 0 0 0
0 0 0 0 0 0 0 0 0 0 0 0 0 0 0 0 0 0 0 0 0 0 0 0 0 0 0 0 0 0 0 0 0 0 0 0 0 0 0 0
0 0 0 0 0 0 0 0 0 0 0 0 0 0 0 0 0 0 0 0 0 0 0 0 0 0 0 0 0 0 0 0 0 0 0 0 0 0 0 0
0 0 0 0 0 0 0 0 0 0 0 0 0 0 0 0 0 0 0 0 0 0 0 0 0 0 0 0 0 0 0 0 0 0 0 0 0 0 0 0
0 0 0 0 0 0 0 0 0 0 0 0 0 0 0 0 0 0 0 0 0 0 0 0 0 0 0 0 0 0 0 0 0 0 0 0 0 0 0 0
0 0 0 0 0 0 0 0 0 0 0 0 0 0 0 0 0 0 0 0 0 0 0 0 0 0 0 0 0 0 0 0 0 0 0 0 0 0 0 0
0 0 0 0 0 0 0 0 0 0 0 0 0 0 0 0 0 0 0 0 0 0 0 0 0 0 0 0 0 0 0 0 0 0 0 0 0 0 0 0
0 0 0 0 0 0 0 0 0 0 0 0 0 0 0 0 0 0 0 0 0 0 0 0 0 0 0 0 0 0 0 0 0 0 0 0 0 0 0 0
0 0 0 0 0 0 0 0 0 0 0 0 0 0 0 0 0 0 0 0 0 0 0 0 0 0 0 0 0 0 0 0 0 0 0 0 0 0 0 0
0 0 0 0 0 0 0 0 0 0 0 0 0 0 0 0 0 0 0 0 0 0 0 0 0 0 0 0 0 0 0 0 0 0 0 0 0 0 0 0
0 0 0 0 0 0 0 0 0 0 0 0 0 0 0 0 0 0 0 0 0 0 0 0 0 0 0 0 0 0 0 0 0 0 0 0 0 0 0 0
0 0 0 0 0 0 0 0 0 0 0 0 0 0 0 0 0 0 0 0 0 0 0 0 0 0 0 0 0 0 0 0 0 0 0 0 0 0 0 0
0 0 0 0 0 0 0 0 0 0 0 0 0 0 0 0 0 0 0 0 0 0 0 0 0 0 0 0 0 0 0 0 0 0 0 0 0 0 0 0
0 0 0 0 0 0 0 0 0 0 0 0 0 0 0 0 0 0 0 0 0 0 0 0 0 0 0 0 0 0 0 0 0 0 0 0 0 0 0 0
0 0 0 0 0 0 0 0 0 0 0 0 0 0 0 0 0 0 0 0 0 0 0 0 0 0 0 0 0 0 0 0 0 0 0 0 0 0 0 0
0 0 0 0 0 0 0 0 0 0 0 0 0 0 0 0 0 0 0 0 0 0 0 0 0 0 0 0 0 0 0 0 0 0 0 0 0 0 0 0
0 0 0 0 0 0 0 0 0 0 0 0 0 0 0 0 0 0 0 0 0 0 0 0 0 0 0 0 0 0 0 0 0 0 0 0 0 0 0 0
0 0 0 0 0 0 0 0 0 0 0 0 0 0 0 0 0 0 0 0 0 0 0 0 0 0 0 0 0 0 0 0 0 0 0 0 0 0 0 0
0 0 0 0 0 0 0 0 0 0 0 0 0 0 0 0 0 0 0 0 0 0 0 0 0 0 0 0 0 0 0 0 0 0 0 0 0 0 0 0
0 0 0 0 0 0 0 0 0 0 0 0 0 0 0 0 0 0 0 0 0 0 0 0 0 0 0 0 0 0 0 0 0 0 0 0 0 0 0 0
0 0 0 0 0 0 0 0 0 0 0 0 0 0 0 0 0 0 0 0 0 0 0 0 0 0 0 0 0 0 0 0 0 0 0 0 0 0 0 0
0 0 0 0 0 0 0 0 0 0 0 0 0 0 0 0 0 0 0 0 0 0 0 0 0 0 0 0 0 0 0 0 0 0 0 0 0 0 0 0
X X X X X X X X X X X X X X X X X X X X X X X X X X X X X X X X X X X X X X X X
END
0 0 0 0 0 0 0 0 0 0 0 0 0 0 0 0 0 0 0 0 0 0 0 0 0 0 0 0 0 0 0 0 0 0 0 0 0 0 0 0
0 0 0 0 0 V 0 0 0 0 0 X 0 0 0 0 0 0 0 0 0 0 0 0 0 0 0 0 0 0 0 0 0 0 0 0 0 0 0 0
0 0 0 0 0 0 0 0 0 0 0 X 0 0 0 0 0 0 0 0 0 0 0 0 0 0 0 0 0 0 0 0 0 0 0 0 0 0 0 0
0 0 0 0 0 0 0 0 0 0 0 X 0 0 0 0 0 0 0 0 0 0 0 0 0 0 0 0 0 0 0 0 0 0 0 0 0 0 0 0
0 0 0 0 0 0 0 0 0 0 0 X 0 0 0 0 0 0 0 0 0 0 0 0 0 0 0 0 0 0 0 0 0 0 0 0 0 0 0 0
0 0 0 0 0 0 0 0 0 0 0 X 0 0 0 0 0 0 0 0 0 0 0 0 0 0 0 0 0 0 0 0 0 0 0 0 0 0 0 0
0 0 0 0 0 0 0 0 0 0 0 X 0 0 0 0 0 0 0 0 0 0 0 0 0 0 0 0 0 0 0 0 0 0 0 0 0 0 0 0
0 0 0 0 0 0 0 0 0 0 0 X 0 0 0 0 0 0 0 0 0 0 0 0 0 0 0 0 0 0 0 0 0 0 0 0 0 0 0 0
0 0 0 0 0 0 0 0 0 0 0 X 0 0 0 0 0 0 0 0 0 0 0 0 0 0 0 0 0 0 0 0 0 0 0 0 0 0 0 0
0 0 0 0 0 0 0 0 0 0 0 X 0 0 0 0 0 0 0 0 0 0 0 0 0 0 0 0 0 0 0 0 0 0 0 0 0 0 0 0
0 0 0 0 0 0 0 0 0 0 0 X 0 0 0 0 0 0 0 0 0 0 0 0 X 0 0 0 0 0 0 0 0 0 0 0 0 0 0 0
0 0 0 0 0 0 0 0 0 0 0 X 0 0 0 0 0 0 0 0 0 0 0 0 X 0 0 0 0 0 0 G 0 0 0 0 0 0 0 0
0 0 0 0 0 0 0 0 0 0 0 X 0 0 0 0 0 0 0 0 0 0 0 0 X 0 0 0 0 0 0 0 0 0 0 0 0 0 0 0
0 0 0 0 0 0 0 0 0 0 0 X 0 0 0 0 0 0 0 0 0 0 0 0 X 0 0 0 0 0 0 0 0 0 0 0 0 0 0 0
0 0 0 0 0 0 0 0 0 0 0 X 0 0 0 0 0 0 0 0 0 0 0 0 X 0 0 0 0 0 0 0 0 0 0 0 0 0 0 0
0 0 0 0 0 0 0 0 0 0 0 X 0 0 0 0 0 0 0 0 0 0 0 0 X 0 0 0 0 0 0 0 0 0 0 0 0 0 0 0
0 0 0 0 0 0 0 0 0 0 0 X 0 0 0 0 0 0 0 0 0 0 0 0 X 0 0 0 0 0 0 0 0 0 0 0 0 0 0 0
0 0 0 0 0 0 0 0 0 0 0 X 0 0 0 0 0 0 0 0 0 0 0 0 X 0 0 0 0 0 0 0 0 0 0 0 0 0 0 0
0 0 0 0 0 0 0 0 0 0 0 X 0 0 0 0 0 0 0 0 0 0 0 0 X 0 0 0 0 0 0 0 0 0 0 0 0 0 0 0
0 0 0 0 0 0 0 0 0 0 0 X 0 0 0 0 0 0 0 0 0 0 0 0 X 0 0 0 0 0 0 0 0 0 0 0 0 0 0 0
0 0 0 0 0 0 0 0 0 0 0 X 0 0 0 0 0 0 0 0 0 0 0 0 X 0 0 0 0 0 0 0 0 0 0 0 0 0 0 0
0 0 0 0 0 0 0 0 0 0 0 X 0 0 0 0 0 0 0 0 0 0 0 0 X 0 0 0 0 0 0 0 0 0 0 0 0 0 0 0
0 0 0 0 0 0 0 0 0 0 0 X 0 0 0 0 0 0 0 0 0 0 0 0 X 0 0 0 0 0 0 0 0 0 0 0 0 0 0 0
0 0 0 0 0 0 0 0 0 0 0 X 0 0 0 0 0 0 0 0 0 0 0 0 X 0 0 0 0 0 0 0 0 0 0 0 0 0 0 0
0 0 0 0 0 0 0 0 0 0 0 X 0 0 0 0 0 0 0 0 0 0 0 0 X 0 0 0 0 0 0 0 0 0 0 0 0 0 0 0
0 0 0 0 0 0 0 0 0 0 0 X 0 0 0 0 0 0 0 0 0 0 0 0 X 0 0 0 0 0 0 0 0 0 0 0 0 0 0 0
0 0 0 0 0 0 0 0 0 0 0 X 0 0 0 0 0 0 0 0 0 0 0 0 X 0 0 0 0 0 0 0 0 0 0 0 0 0 0 0
0 0 0 0 0 0 0 0 0 0 0 X 0 0 0 0 0 0 0 0 0 0 0 0 X 0 0 0 0 0 0 0 0 0 0 0 0 0 0 0
0 0 0 0 0 0 0 0 0 0 0 X 0 0 0 0 0 0 0 0 0 0 0 0 X 0 0 0 0 0 0 0 0 0 0 0 0 0 0 0
0 0 0 0 0 0 0 0 0 0 0 X 0 0 0 0 0 0 0 0 0 0 0 0 X 0 0 0 0 0 0 0 0 0 0 0 0 0 0 0
0 0 0 0 0 0 0 0 0 0 0 X 0 0 0 0 0 0 0 0 0 0 0 0 X 0 0 0 0 0 0 0 0 0 0 0 0 0 0 0
0 0 0 0 0 0 0 0 0 0 0 X 0 0 0 0 0 0 0 0 0 0 0 0 X 0 0 0 0 0 0 0 0 0 0 0 0 0 0 0
0 0 0 0 0 0 0 0 0 0 0 X 0 0 0 0 0 0 0 0 0 0 0 0 X 0 0 0 0 0 0 0 0 0 0 0 0 0 0 0
0 0 0 0 0 0 0 0 0 0 0 X 0 0 0 0 0 0 0 0 0 0 0 0 X 0 0 0 0 0 0 0 0 0 0 0 0 0 0 0
0 0 0 0 0 0 0 0 0 0 0 X 0 0 0 0 0 0 0 0 0 0 0 0 X 0 0 0 0 0 0 0 0 0 0 0 0 0 0 0
0 0 0 0 0 0 0 0 0 0 0 X 0 0 0 0 0 0 0 0 0 0 0 0 X 0 0 0 0 0 0 0 0 0 0 0 0 0 0 0
0 0 0 0 0 0 0 0 0 0 0 X 0 0 0 0 0 0 0 0 0 0 0 0 X 0 0 0 0 0 0 0 0 0 0 0 0 0 0 0
0 0 0 0 0 0 0 0 0 0 0 X 0 0 0 0 0 0 0 0 0 0 0 0 X 0 0 0 0 0 0 0 0 0 0 0 0 0 0 0
0 0 0 0 0 0 0 0 0 0 0 X 0 0 0 0 0 0 0 0 0 0 0 0 X 0 0 0 0 0 0 0 0 0 0 0 0 0 0 0
0 0 0 0 0 0 0 0 0 0 0 X 0 0 0 0 0 0 0 0 0 0 0 0 X 0 0 0 0 0 0 0 0 0 0 0 0 0 0 0
0 0 0 0 0 0 0 0 0 0 0 0 0 0 0 0 0 0 0 0 0 0 0 0 X 0 0 0 0 0 0 0 0 0 0 0 0 0 0 0
0 0 0 0 0 0 0 0 0 0 0 0 0 0 0 0 0 0 0 0 0 0 0 0 X 0 0 0 0 0 0 0 0 0 0 0 0 0 0 0
0 0 0 0 0 0 0 0 0 0 0 0 0 0 0 0 0 0 0 0 0 0 0 0 X 0 0 0 0 0 0 0 0 0 0 0 0 0 0 0
0 0 0 0 0 0 0 0 0 0 0 0 0 0 0 0 0 0 0 0 0 0 0 0 X 0 0 0 0 0 0 0 0 0 0 0 0 0 0 0
0 0 0 0 0 0 0 0 0 0 0 0 0 0 0 0 0 0 0 0 0 0 0 0 X 0 0 0 0 0 0 0 0 0 0 0 0 0 0 0
0 0 0 0 0 0 0 0 0 0 0 0 0 0 0 0 0 0 0 0 0 0 0 0 X 0 0 0 0 0 0 0 0 0 0 0 0 0 0 0
0 0 0 0 0 0 0 0 0 0 0 0 0 0 0 0 0 0 0 0 0 0 0 0 X 0 0 0 0 0 0 0 0 0 0 0 0 0 0 0
0 0 0 0 0 0 0 0 0 0 0 0 0 0 0 0 0 0 0 0 0 0 0 0 X 0 0 0 0 0 0 0 0 0 0 0 0 0 0 0
0 0 0 0 0 0 0 0 0 0 0 0 0 0 0 0 0 0 0 0 0 0 0 0 X 0 0 0 0 0 0 0 0 0 0 0 0 0 0 0
X X X X X X X X X X X X X X X X X X X X X X X X X X X X X X X X X X X X X X X X
END
0 0 0 0 0 0 0 0 0 0 0 0 0 0 0 0 0 0 0 0 0 0 0 0 0 0 0 0 0 0 0 _ _ _ _ _ _ _
0 0 0 0 0 0 0 0 0 0 0 0 0 0 0 0 0 0 0 0 0 0 0 0 0 0 0 0 0 0 / 0 0 0 0 0 0 0
0 0 0 0 0 0 0 0 0 0 0 0 0 0 0 0 0 0 0 0 0 0 0 0 0 0 0 0 0 / 0 0 0 0 0 0 0 0
0 0 0 0 0 0 0 0 0 0 0 0 0 0 0 0 0 0 0 0 0 0 0 0 0 0 0 0 / 0 0 0 0 0 0 0 0 0
0 0 0 0 0 0 0 0 0 0 0 0 0 0 0 0 0 0 0 0 0 0 0 0 0 0 0 / 0 0 0 0 0 < 0 0 0 0
0 0 0 0 0 0 0 0 0 0 0 0 0 0 0 0 0 0 0 0 0 0 0 0 0 0 / 0 0 0 0 0 0 0 0 0 0 0
0 0 0 0 0 0 0 0 0 0 0 0 0 0 0 0 0 0 0 0 0 0 0 0 0 / 0 0 0 0 0 0 0 0 0 0 0 0
0 0 0 0 0 0 0 0 0 0 0 0 0 0 0 0 0 0 0 0 0 0 0 0 / 0 0 0 0 0 0 0 0 0 0 0 0 0
0 0 0 0 0 0 0 0 0 0 0 0 0 0 0 0 0 0 0 0 0 0 0 / 0 0 0 0 0 0 0 0 0 0 0 0 0 0
0 0 0 0 0 0 0 0 0 0 0 0 0 0 0 0 0 0 0 0 0 0 / 0 0 0 0 0 0 0 0 0 0 0 0 0 0 0
0 0 0 0 0 0 0 0 0 0 0 0 0 0 0 0 0 0 0 0 0 / 0 0 0 0 0 0 0 0 0 0 0 0 0 0 0 0
0 0 0 0 0 0 0 0 0 0 0 0 0 0 0 0 0 0 0 0 / 0 0 0 0 0 0 0 0 0 0 0 0 0 0 0 0 /
0 0 0 0 0 0 0 0 0 0 0 0 0 0 0 0 0 0 0 / 0 0 0 0 0 0 0 0 0 0 0 0 0 0 0 0 / 0
0 0 0 0 0 0 G 0 0 0 0 0 0 0 0 0 0 0 / 0 0 0 0 0 0 0 0 0 0 0 0 0 0 0 0 / 0 0
0 0 0 0 0 0 0 0 0 0 0 0 0 0 0 0 0 / 0 0 0 0 0 0 0 0 0 0 0 0 0 0 0 0 / 0 0 0
0 0 0 0 0 0 0 0 0 0 0 0 0 0 0 0 / 0 0 0 0 0 0 0 0 0 0 0 0 0 0 0 0 / 0 0 0 0
0 0 0 0 0 0 0 0 0 0 0 0 0 0 0 / 0 0 0 0 0 0 0 0 0 0 0 0 0 0 0 0 / 0 0 0 0 0
0 0 0 0 0 0 0 0 0 0 0 0 0 0 / 0 0 0 0 0 0 0 0 0 0 0 0 0 0 0 0 / 0 0 0 0 0 0
0 0 0 0 0 0 0 0 0 0 0 0 0 / 0 0 0 0 0 0 0 0 0 0 0 0 0 0 0 0 / 0 0 0 0 0 0 0
0 0 0 0 0 0 0 0 0 0 0 0 / 0 0 0 0 0 0 0 0 0 0 0 0 0 0 0 0 / 0 0 0 0 0 0 0 0
0 0 0 0 0 0 0 0 0 0 0 / 0 0 0 0 0 0 0 0 0 0 0 0 0 0 0 0 / 0 0 0 0 0 0 0 0 0
0 0 0 0 0 0 0 0 0 0 / 0 0 0 0 0 0 0 0 0 0 0 0 0 0 0 0 0 \ 0 0 0 0 0 0 0 0 0
0 0 0 0 0 0 0 0 0 0 \ 0 0 0 0 0 0 0 0 0 0 0 0 0 0 0 0 0 0 \ 0 0 0 0 0 0 0 0
0 0 0 0 0 0 0 0 0 0 0 \ 0 0 0 0 0 0 0 0 0 0 0 0 0 0 0 0 0 0 \ 0 0 0 0 0 0 0
0 0 0 0 0 0 0 0 0 0 0 0 \ 0 0 0 0 0 0 0 0 0 0 0 0 0 0 0 0 0 0 \ 0 0 0 0 0 0
0 0 0 0 0 0 0 0 0 0 0 0 0 \ 0 0 0 0 0 0 0 0 0 0 0 0 0 0 0 0 0 0 \ 0 0 0 0 0
0 0 0 0 0 0 0 0 0 0 0 0 0 0 \ 0 0 0 0 0 0 0 0 0 0 0 0 0 0 0 0 0 0 \ 0 0 0 0
0 0 0 0 0 0 0 0 0 0 0 0 0 0 0 \ 0 0 0 0 0 0 0 0 0 0 0 0 0 0 0 0 0 0 \ 0 0 0
0 0 0 0 0 0 0 0 0 0 0 0 0 0 0 0 \ 0 0 0 0 0 0 0 0 0 0 0 0 0 0 0 0 0 0 \ 0 0
\ 0 0 0 0 0 0 0 0 0 0 0 0 0 0 0 0 \ 0 0 0 0 0 0 0 0 0 0 0 0 0 0 0 0 0 0 \ 0
0 \ 0 0 0 0 0 0 0 0 0 0 0 0 0 0 0 0 \ 0 0 0 0 0 0 0 0 0 0 0 0 0 0 0 0 0 / 0
0 0 \ 0 0 0 0 0 0 0 0 0 0 0 0 0 0 0 0 0 0 0 0 0 0 0 0 0 0 0 0 0 0 0 0 / 0 0
0 0 0 \ 0 0 0 0 0 0 0 0 0 0 0 0 0 0 0 0 0 0 0 0 0 0 0 0 0 0 0 0 0 0 / 0 0 0
0 0 0 0 \ 0 0 0 0 0 0 0 0 0 0 0 0 0 0 0 0 0 0 0 0 0 0 0 0 0 0 0 0 / 0 0 0 0
0 0 0 0 0 \ 0 0 0 0 0 0 0 0 0 0 0 0 0 0 0 0 0 0 0 0 0 0 0 0 0 0 / 0 0 0 0 0
0 0 0 0 0 0 \ 0 0 0 0 0 0 0 0 0 0 0 0 0 0 0 0 0 0 0 0 0 0 0 0 / 0 0 0 0 0 0
0 0 0 0 0 0 0 \ 0 0 0 0 0 0 0 0 0 0 0 0 0 0 0 0 0 0 0 0 0 0 / 0 0 0 0 0 0 0
0 0 0 0 0 0 0 0 \ 0 0 0 0 0 0 0 0 0 0 0 0 0 0 0 0 0 0 0 0 / 0 0 0 0 0 0 0 0
0 0 0 0 0 0 0 0 0 \ 0 0 0 0 0 0 0 0 0 0 0 0 0 0 0 0 0 0 / 0 0 0 0 0 0 0 0 0
0 0 0 0 0 0 0 0 0 0 \ 0 0 0 0 0 0 0 0 0 0 0 0 0 0 0 0 / 0 0 0 0 0 0 0 0 0 0
0 0 0 0 0 0 0 0 0 0 0 \ 0 0 0 0 0 0 0 0 0 0 0 0 0 0 / 0 0 0 0 0 0 0 0 0 0 0
0 0 0 0 0 0 0 0 0 0 0 0 \ 0 0 0 0 0 0 0 0 0 0 0 0 / 0 0 0 0 0 0 0 0 0 0 0 0
0 0 0 0 0 0 0 0 0 0 0 0 0 \ 0 0 0 0 0 0 0 0 0 0 / 0 0 0 0 0 0 0 0 0 0 0 0 0
0 0 0 0 0 0 0 0 0 0 0 0 0 0 \ 0 0 0 0 0 0 0 0 / 0 0 0 0 0 0 0 0 0 0 0 0 0 0
0 0 0 0 0 0 0 0 0 0 0 0 0 0 0 \ 0 0 0 0 0 0 / 0 0 0 0 0 0 0 0 0 0 0 0 0 0 0
0 0 0 0 0 0 0 0 0 0 0 0 0 0 0 0 \ 0 0 0 0 / 0 0 0 0 0 0 0 0 0 0 0 0 0 0 0 0
0 0 0 0 0 0 0 0 0 0 0 0 0 0 0 0 0 \ 0 0 / 0 0 0 0 0 0 0 0 0 0 0 0 0 0 0 0 0
0 0 0 0 0 0 0 0 0 0 0 0 0 0 0 0 0 0 \ / 0 0 0 0 0 0 0 0 0 0 0 0 0 0 0 0 0 0
0 0 0 0 0 0 0 0 0 0 0 0 0 0 0 0 0 0 0 0 0 0 0 0 0 0 0 0 0 0 0 0 0 0 0 0 0 0
END
X 0 0 0 0 0 0 0 0 0 0 0 0 0 0 0 0 0 0 0 0 0 0 0 X 0 0 0 0 0 0 0 0 0 0 0 0 0 0 0 0 0 0 0 0 0 0 0 0 0 0 0 0 0 0 0 0 0 0 0 0 0 0 0 0 0 0 0 0 0 0 0 0 0 0 0 0 0 0 0 0
X 0 0 0 0 0 0 0 0 0 0 0 0 0 0 0 0 0 0 0 0 0 0 0 X 0 0 0 0 0 0 0 0 0 0 0 0 0 0 0 0 0 0 0 0 0 0 0 0 0 0 0 0 0 0 0 0 0 0 0 0 0 0 0 0 0 0 0 0 0 0 0 0 0 0 0 0 0 0 0 0
X 0 0 0 0 0 0 0 0 0 0 0 0 0 0 0 0 0 0 0 0 0 0 0 X 0 0 0 0 0 0 0 0 0 0 0 0 0 0 0 0 0 0 0 0 0 0 0 0 0 0 0 0 0 0 0 0 0 0 0 0 0 0 0 0 0 0 0 0 0 0 0 0 0 0 0 0 0 0 0 0
X 0 0 0 0 0 0 0 0 0 0 0 0 0 0 0 0 0 0 0 0 0 0 0 X 0 0 0 0 0 0 0 0 0 0 0 0 0 0 0 0 0 0 0 0 0 0 0 0 0 0 0 0 0 0 0 0 0 0 0 0 0 0 0 0 0 0 0 0 0 0 0 0 0 0 0 0 0 0 0 0
X 0 0 0 0 0 0 0 0 0 0 0 0 0 0 0 0 0 0 0 0 0 0 0 X 0 0 0 0 0 0 0 0 0 0 0 0 0 0 0 0 0 0 0 0 0 0 0 0 0 0 0 0 0 0 0 0 0 0 0 0 0 0 0 0 0 0 0 0 0 0 0 0 0 0 0 0 0 0 0 0
X 0 0 0 0 0 0 0 0 0 0 0 0 0 0 0 0 0 0 0 0 0 0 0 X 0 0 0 0 0 0 0 0 0 0 0 0 0 0 0 0 0 0 0 0 0 0 0 0 0 0 0 0 0 0 0 0 0 0 0 0 0 0 0 0 0 0 0 0 0 0 0 0 0 0 0 0 0 0 0 0
X 0 0 0 0 0 0 0 0 0 0 0 0 0 0 0 0 0 0 0 0 0 0 0 X 0 0 0 0 0 0 0 0 0 0 0 0 0 0 0 0 0 0 0 0 0 0 0 0 0 0 0 0 0 0 0 0 0 0 0 0 0 0 0 0 0 0 0 0 0 0 0 0 0 0 0 0 0 0 0 0
X 0 0 0 0 0 0 0 0 0 0 0 0 0 0 0 0 0 0 0 0 0 0 0 X 0 0 0 0 0 0 0 0 0 0 0 0 X 0 0 0 0 0 0 0 0 0 0 0 0 0 0 0 0 0 0 0 0 0 0 0 0 0 0 0 0 0 0 0 0 0 0 0 0 0 0 0 0 0 0 0
X 0 0 0 0 0 0 0 0 0 0 0 X 0 0 0 0 0 0 0 0 0 0 0 X 0 0 0 0 0 0 0 0 0 0 0 0 X 0 0 0 0 0 0 0 0 0 0 0 0 0 0 0 0 0 0 0 0 0 0 0 0 0 0 0 0 0 0 0 0 0 0 0 0 0 0 0 0 0 0 0
X 0 0 0 0 0 0 0 0 0 0 0 X 0 0 0 0 0 0 0 0 0 0 0 X 0 0 0 0 0 0 0 0 0 0 0 0 X 0 0 0 0 0 0 0 0 0 0 0 0 0 0 0 0 0 0 0 0 0 0 0 0 0 0 0 0 0 0 0 0 0 0 0 0 0 0 0 0 0 0 0
X 0 0 0 0 0 0 0 0 0 0 0 X 0 0 0 0 0 0 0 0 0 0 0 X 0 0 0 0 0 0 0 0 0 0 0 0 X 0 0 0 0 0 0 0 0 0 0 0 0 0 X X X X X X X X X X X X X X X X X X X X X X X X X X X X X 0
X 0 0 0 0 0 0 0 0 0 0 0 X 0 0 0 0 0 0 0 0 0 0 0 X 0 0 0 0 0 0 0 0 0 0 0 0 X 0 0 0 0 0 0 0 0 0 0 0 0 0 X 0 0 0 0 0 0 0 0 0 0 0 0 0 0 0 0 0 0 0 0 0 0 0 0 0 0 0 X 0
X 0 0 0 0 0 0 0 0 0 0 0 X 0 0 0 0 0 0 0 0 0 0 0 X 0 0 0 0 0 0 0 0 0 0 0 0 X 0 0 0 0 0 0 0 0 0 0 0 0 0 X 0 0 0 0 0 0 0 0 0 0 0 0 0 0 0 0 0 0 0 0 0 0 0 0 0 0 0 X 0
X 0 0 0 0 0 0 0 0 0 0 0 X 0 0 0 0 0 0 0 0 0 0 0 X 0 0 0 0 0 0 0 0 0 0 0 0 X 0 0 0 0 0 0 0 0 0 0 0 0 0 X 0 0 0 0 0 0 0 0 0 0 0 0 0 0 0 0 0 0 0 0 0 0 0 0 0 0 0 X 0
X 0 0 0 0 0 0 0 0 0 0 0 X 0 0 0 0 0 0 0 0 0 0 0 X 0 0 0 0 0 0 0 0 0 0 0 0 X 0 0 0 0 0 0 0 0 0 0 0 0 0 X 0 0 0 0 0 0 0 0 0 0 0 0 0 0 0 0 0 0 0 0 0 0 0 0 0 0 0 X 0
X 0 0 0 0 0 0 0 0 0 0 0 X 0 0 0 0 0 0 0 0 0 0 0 X 0 0 0 0 0 0 0 0 0 0 0 0 X 0 0 0 0 0 0 0 0 0 0 0 0 0 X 0 0 0 0 0 0 0 0 0 0 0 0 0 0 0 0 0 0 0 0 0 0 0 0 0 0 0 X 0
X 0 0 0 0 0 0 0 0 0 0 0 X 0 0 0 0 0 0 0 0 0 0 0 X 0 0 0 0 0 0 0 0 0 0 0 0 X 0 0 0 0 0 0 0 0 0 0 0 0 0 X 0 0 0 0 0 0 0 0 0 0 0 0 0 0 0 0 0 0 0 0 0 0 0 0 0 0 0 X 0
X 0 0 0 0 0 0 0 0 0 0 0 X 0 0 0 0 0 0 0 0 0 0 0 X 0 0 0 0 0 0 0 0 0 0 0 0 X 0 0 0 0 0 0 0 0 0 0 0 0 0 X 0 0 0 0 0 0 0 0 0 0 0 0 0 0 0 0 0 0 0 0 0 0 0 0 0 0 0 X 0
X 0 0 0 0 0 0 0 0 0 0 0 X 0 0 0 0 0 0 0 0 0 0 0 X 0 0 0 0 0 0 0 0 0 0 0 0 X 0 0 0 0 0 0 0 0 0 0 0 0 0 X 0 0 0 0 0 0 0 0 0 0 0 0 0 0 0 0 0 0 0 0 0 0 0 0 0 0 0 X 0
X 0 0 0 0 0 0 0 0 0 0 0 X 0 0 0 0 0 0 0 0 0 0 0 X 0 0 0 0 0 0 0 0 0 0 0 0 X 0 0 0 0 0 0 0 0 0 0 0 0 0 X 0 0 0 0 0 0 0 0 0 0 0 0 0 0 0 0 0 0 0 0 0 0 0 0 0 0 0 X 0
X 0 0 0 0 0 0 0 0 0 0 0 X 0 0 0 0 0 0 0 0 0 0 0 X 0 0 0 0 0 0 0 0 0 0 0 0 X 0 0 0 0 0 0 0 0 0 0 0 0 0 X 0 0 0 0 0 0 0 0 0 0 0 0 0 0 0 0 0 0 0 0 0 0 0 0 0 0 0 X 0
X 0 0 0 0 0 0 0 0 0 0 0 X 0 0 0 0 0 0 0 0 0 0 0 X 0 0 0 0 0 0 0 0 0 0 0 0 X 0 0 0 0 0 0 0 0 0 0 0 0 0 X 0 0 0 0 0 0 0 0 0 0 0 0 0 0 0 0 0 0 0 0 0 0 0 0 0 0 0 X 0
X 0 0 0 0 0 0 0 0 0 0 0 X 0 0 0 0 0 0 0 0 0 0 0 X 0 0 0 0 0 0 0 0 0 0 0 0 X 0 0 0 0 0 0 0 0 0 0 0 0 0 X 0 0 0 0 0 0 0 0 0 0 0 0 0 0 0 0 0 0 0 0 0 0 0 0 0 0 0 X 0
X 0 0 0 0 0 0 0 0 0 0 0 X 0 0 0 0 0 0 0 0 0 0 0 X 0 0 0 0 0 0 0 0 0 0 0 0 X 0 0 0 0 0 0 0 0 0 0 0 0 0 X 0 0 0 0 0 0 0 0 0 0 0 0 0 0 0 0 0 0 0 0 0 0 0 0 0 0 0 X 0
X 0 0 0 0 0 0 0 0 0 0 0 X 0 0 0 0 0 0 0 0 0 0 0 X 0 0 0 0 0 0 0 0 0 0 0 0 X 0 0 0 0 0 0 0 0 0 0 0 0 0 X 0 0 0 0 0 0 0 0 0 0 0 0 0 0 0 0 0 0 0 0 0 0 0 0 0 0 0 X 0
X 0 0 0 0 0 0 0 0 0 0 0 X 0 0 0 0 0 0 0 0 0 0 0 X 0 0 0 0 0 0 0 0 0 0 0 0 X 0 0 0 0 0 0 0 0 0 0 0 0 0 X 0 0 0 0 0 0 0 0 0 0 0 0 0 0 0 0 0 0 0 0 0 0 0 0 0 0 0 X 0
X 0 0 0 0 0 0 0 0 0 0 0 X 0 0 0 0 0 0 0 0 0 0 0 X 0 0 0 0 0 0 0 0 0 0 0 0 X 0 0 0 0 0 0 0 0 0 0 0 0 0 X 0 0 0 0 0 0 0 0 0 0 0 0 0 0 0 0 0 0 0 0 0 0 0 0 0 0 0 X 0
X 0 0 0 0 0 0 0 0 0 0 0 X 0 0 0 0 0 0 0 0 0 0 0 X 0 0 0 0 0 0 0 0 0 0 0 0 X 0 0 0 0 0 0 0 0 0 0 0 0 0 X 0 0 0 0 0 0 0 0 0 0 0 0 0 0 0 0 0 0 0 0 0 0 0 0 0 0 0 X 0
X 0 0 0 0 0 0 0 0 0 0 0 X 0 0 0 0 0 0 0 0 0 0 0 X 0 0 0 0 0 0 0 0 0 0 0 0 X 0 0 0 0 0 0 0 0 0 0 0 0 0 X 0 0 0 W 0 0 0 0 0 W 0 0 0 X 0 0 0 0 0 0 0 0 0 0 0 0 0 X 0
X 0 0 0 0 0 0 0 0 0 0 0 X 0 0 0 0 0 0 0 0 0 0 0 X 0 0 0 0 0 0 0 0 0 0 0 0 X 0 0 0 0 0 0 0 0 0 0 0 0 0 X 0 0 0 0 0 0 0 0 0 0 0 0 0 X 0 0 0 0 0 0 0 0 0 0 0 0 0 X 0
X 0 0 0 I 0 M 0 | 0 0 0 X 0 0 0 0 0 0 0 0 0 0 0 0 0 0 0 0 0 0 0 0 0 0 0 0 X 0 0 0 0 0 0 0 0 0 0 0 0 0 0 0 0 0 0 0 0 0 0 0 0 0 0 0 X 0 0 0 0 0 0 0 0 0 0 0 0 0 X 0
X 0 0 0 I 0 0 0 | 0 0 0 X 0 0 0 0 0 0 0 0 0 0 0 0 0 0 0 0 0 0 0 0 0 0 0 0 X 0 0 0 0 0 0 0 0 0 0 0 0 0 0 0 0 0 0 0 0 0 0 0 0 0 0 0 X 0 0 0 0 0 0 0 0 0 0 0 0 0 X 0
X 0 0 0 I 0 0 0 | 0 0 0 X 0 0 0 0 0 0 0 0 0 0 0 0 0 0 0 0 0 0 0 0 0 0 0 0 X 0 0 0 0 0 0 0 0 0 0 0 0 0 0 0 0 0 0 0 0 0 0 0 0 0 0 0 X 0 0 0 0 0 0 0 0 0 0 0 0 0 X 0
X 0 0 0 I 0 0 0 | 0 0 0 X 0 0 0 0 0 0 0 0 0 0 0 0 0 0 0 0 0 0 0 0 0 0 0 0 X 0 0 0 0 0 0 0 0 0 0 0 0 0 0 0 0 0 0 0 0 0 0 0 0 0 0 0 X 0 0 0 0 0 0 G 0 0 0 0 0 0 X 0
X 0 0 0 I 0 M 0 | 0 0 0 X 0 0 0 0 0 0 0 0 0 0 0 0 0 0 0 0 0 0 0 0 0 0 0 0 X 0 0 0 0 0 0 0 0 0 0 0 0 0 0 0 0 0 0 0 0 0 0 0 0 0 0 0 X 0 0 0 0 0 0 0 0 0 0 0 0 0 X 0
X 0 0 0 I 0 n 0 | 0 0 0 X 0 0 0 0 0 0 0 0 0 0 0 0 0 0 0 0 0 0 0 0 0 0 0 0 X 0 0 0 0 0 0 0 0 0 0 0 0 0 0 0 0 0 0 0 0 0 0 0 0 0 0 0 X 0 0 0 0 0 0 0 0 0 0 0 0 0 X 0
X 0 0 0 I 0 M 0 | 0 0 0 X 0 0 0 0 0 0 0 0 0 0 0 0 0 0 0 0 0 0 0 0 0 0 0 0 X 0 0 0 0 0 0 0 0 0 0 0 0 0 0 0 0 0 0 0 0 0 0 0 0 0 0 0 X 0 0 0 0 0 0 0 0 0 0 0 0 0 X 0
X 0 0 0 I 0 0 0 | 0 0 0 X 0 0 0 0 0 0 0 0 0 0 0 0 0 0 0 0 0 0 0 0 0 0 0 0 X 0 0 0 0 0 0 0 0 0 0 0 0 0 0 0 0 0 0 0 0 0 0 0 0 0 0 0 X 0 0 0 0 0 0 0 0 0 0 0 0 0 X 0
X X X X X X X X X X X X X X X X X X X X X X X X X X X X X X X X X X X X X X X X X X X X X X X X X X X X X X X X X X X X X X X X X X X X X X X X X X X X X X X X 0
END
0 0 0 0 0 0 0 0 0 0 0 0 0 0 0 0 0 0 0 0 0 0 0 0 0 0 0 0 0 0 0 0 0 0 0 0 0 0
0 0 0 0 0 0 0 0 0 0 0 0 0 0 0 0 0 0 0 0 0 0 0 0 0 0 0 0 0 0 0 0 0 0 0 0 0 0
0 0 0 0 0 0 0 0 0 0 0 0 0 0 0 0 0 0 0 0 0 0 0 0 0 0 0 0 0 0 0 0 0 0 0 0 0 0
0 0 0 0 0 0 0 0 0 0 0 0 0 0 0 0 0 0 0 0 0 0 0 0 0 0 0 0 0 0 0 0 0 0 0 0 0 0
0 0 0 0 0 0 0 0 0 0 0 0 0 0 0 0 0 0 0 0 0 0 0 0 0 0 0 0 0 0 0 0 0 0 0 0 0 0
0 0 0 0 0 0 0 0 0 0 0 0 0 0 0 0 0 0 0 0 0 0 0 0 0 0 0 0 0 0 0 0 0 0 0 0 0 0
0 0 0 0 0 0 0 0 0 0 0 0 0 0 0 0 0 0 0 0 0 0 0 0 0 0 0 0 0 0 0 0 0 0 0 0 0 0
0 0 0 0 0 0 0 0 0 0 0 0 0 0 0 0 0 0 0 0 0 0 0 0 0 0 0 0 0 0 0 0 0 0 0 0 0 0
0 0 0 0 0 0 0 0 0 0 0 0 0 0 0 0 0 0 0 0 0 0 0 0 0 0 0 0 0 0 0 0 0 0 0 0 0 0
0 0 0 0 0 0 0 0 0 0 0 0 0 0 0 0 0 0 0 0 0 0 0 0 0 0 0 0 0 0 0 0 0 0 0 0 0 0
0 0 0 0 0 0 0 0 0 0 0 0 0 0 0 0 0 0 0 0 0 0 0 0 0 0 0 0 0 0 0 0 0 0 0 0 0 0
0 0 0 0 0 0 0 0 0 0 0 0 0 0 0 0 0 0 0 0 0 0 0 0 0 0 0 0 0 0 0 0 0 0 0 0 0 0
0 0 0 0 0 0 0 0 0 0 0 0 0 0 0 0 0 0 0 0 0 0 0 0 0 0 0 0 0 0 0 0 0 0 0 0 0 0
0 0 0 0 0 0 0 0 0 0 0 0 0 0 0 0 0 0 0 0 0 0 0 0 0 0 0 0 0 0 0 0 0 0 0 0 0 0
0 0 0 0 0 0 0 0 0 0 0 0 0 0 0 0 0 0 0 0 0 0 0 0 0 0 0 0 0 G 0 0 0 0 0 0 0 0
0 0 0 0 0 0 0 0 0 0 0 0 0 0 0 0 0 0 0 0 0 0 0 0 0 0 0 0 0 0 0 0 0 0 0 0 0 0
0 0 0 0 0 0 0 0 0 0 0 0 0 0 0 0 0 0 0 0 0 0 0 0 0 0 0 0 0 0 0 0 0 0 0 0 0 0
0 0 0 0 0 0 0 0 0 0 0 0 0 0 0 0 0 0 0 0 0 0 0 0 0 0 0 0 0 0 0 0 0 0 0 0 0 0
0 0 0 0 0 0 0 0 0 0 0 0 0 0 0 0 0 0 0 0 0 0 0 0 0 0 0 0 0 0 0 0 0 0 0 0 0 0
0 0 0 0 0 0 0 0 0 0 0 0 0 0 0 0 0 0 0 0 0 0 0 0 0 0 0 0 0 0 0 0 0 0 0 0 0 0
0 0 0 0 0 0 0 0 0 0 0 0 0 0 0 0 0 0 0 0 0 0 0 0 0 0 0 0 0 0 0 0 0 0 0 0 0 0
0 0 0 0 0 0 0 0 0 0 0 0 0 0 0 0 0 0 0 0 0 0 0 0 0 0 0 0 0 0 0 0 0 0 0 0 0 0
0 0 0 0 0 0 0 0 0 0 0 0 0 0 0 0 0 / \ 0 0 0 0 0 0 0 0 0 0 0 0 0 0 0 0 0 0 0
0 0 0 0 0 0 0 0 0 0 0 0 0 0 0 0 / 0 0 \ 0 0 0 0 0 0 0 0 0 0 0 0 0 0 0 0 0 0
0 0 0 0 0 0 0 0 0 0 0 0 0 0 0 / 0 0 0 0 \ 0 0 0 0 0 0 0 0 0 0 0 0 0 0 0 0 0
0 0 0 0 0 0 0 0 0 0 0 0 0 0 / 0 0 0 0 0 0 \ 0 0 0 0 0 0 0 0 0 0 0 0 0 0 0 0
0 0 0 0 0 0 0 0 0 0 0 0 0 0 \ \ 0 0 0 0 0 0 \ 0 0 0 0 0 0 0 0 0 0 0 0 0 0 0
0 0 0 0 0 0 0 0 0 0 0 0 0 0 0 \ \ 0 0 0 0 0 0 \ 0 0 0 0 0 0 0 0 0 0 0 0 0 0
0 0 0 0 0 0 0 0 0 0 0 0 0 0 0 0 \ \ 0 0 0 0 0 / 0 0 0 0 0 0 0 0 0 0 0 0 0 0
0 0 0 0 0 0 0 0 0 0 0 0 0 0 0 0 0 \ \ 0 0 0 / 0 0 0 0 0 0 0 0 0 0 0 0 0 0 0
0 0 0 0 0 0 0 0 0 0 0 0 0 0 0 0 0 0 \ \ 0 / 0 0 0 0 0 0 0 0 0 0 0 0 0 0 0 0
0 0 0 0 0 0 0 0 0 0 0 0 0 0 0 0 0 0 0 \ / 0 0 0 0 0 0 0 0 0 0 0 0 0 0 0 0 0
0 0 0 0 0 0 0 0 0 0 0 0 0 0 0 0 0 0 0 0 0 0 0 0 0 0 0 0 0 0 0 0 0 0 0 0 0 0
0 0 0 0 0 0 0 0 0 0 0 0 0 0 0 0 0 0 0 0 0 0 0 0 0 0 0 0 0 0 0 0 0 0 0 0 0 0
0 0 0 0 0 0 0 0 0 0 0 0 0 0 0 0 0 0 0 0 0 0 0 0 0 0 0 0 0 0 0 0 0 0 0 0 0 0
0 0 0 0 0 0 0 0 0 0 0 0 0 0 0 0 0 0 0 0 0 0 0 0 0 0 0 0 0 0 0 0 0 0 0 0 0 0
0 0 0 0 0 0 0 0 0 0 0 0 0 0 0 0 0 0 0 0 0 0 0 0 0 0 0 0 0 0 0 0 0 0 0 0 0 0
0 0 0 0 0 0 0 0 0 0 0 0 0 0 0 0 0 0 0 0 0 0 0 0 0 0 0 0 0 0 0 0 0 0 0 0 0 0
0 0 0 0 0 0 0 0 0 0 0 0 0 0 0 0 0 0 B 0 0 0 0 0 0 0 0 0 0 0 0 0 0 0 0 0 0 0
0 0 0 0 0 0 0 0 0 0 0 0 0 0 0 0 0 0 0 0 0 0 0 0 0 0 0 0 0 0 0 0 0 0 0 0 0 0
0 0 0 0 0 0 0 0 0 0 0 0 0 0 0 0 0 0 0 0 0 0 0 0 0 0 0 0 0 0 0 0 0 0 0 0 0 0
0 0 0 0 0 0 0 0 0 0 0 0 0 0 0 0 0 0 0 0 0 0 0 0 0 0 0 0 0 0 0 0 0 0 0 0 0 0
0 0 0 0 0 0 0 0 0 0 0 0 0 0 0 0 0 0 0 0 0 0 0 0 0 0 0 0 0 0 0 0 0 0 0 0 0 0
0 0 0 0 0 0 0 0 0 0 0 0 0 0 0 0 0 0 0 0 0 0 0 0 0 0 0 0 0 0 0 0 0 0 0 0 0 0
0 0 0 0 0 0 0 0 0 0 0 0 0 0 0 0 0 / \ 0 0 0 0 0 0 0 0 0 0 0 0 0 0 0 0 0 0 0
0 0 0 0 0 0 0 0 0 0 0 0 0 0 0 0 / 0 \ \ 0 0 0 0 0 0 0 0 0 0 0 0 0 0 0 0 0 0
0 0 0 0 0 0 0 0 0 0 0 0 0 0 0 / 0 0 0 \ \ 0 0 0 0 0 0 0 0 0 0 0 0 0 0 0 0 0
0 0 0 0 0 0 0 > 0 0 0 0 0 0 / 0 0 0 0 0 \ \ 0 0 0 0 0 0 0 0 0 0 0 0 0 0 0 0
\ 0 0 0 0 0 0 0 0 0 0 0 0 0 \ 0 0 0 0 0 0 \ \ 0 0 0 0 0 0 0 0 0 0 0 0 0 0 0
0 \ 0 0 0 0 0 0 0 0 0 0 0 0 0 \ 0 0 0 0 0 0 \ \ 0 0 0 0 0 0 0 0 0 0 0 0 0 0
0 0 \ 0 0 0 0 0 0 0 0 0 0 0 0 0 \ 0 0 0 0 0 0 / 0 0 0 0 0 0 0 0 0 0 0 0 0 0
0 0 0 \ 0 0 0 0 0 0 0 0 0 0 0 0 0 \ 0 0 0 0 / 0 0 0 0 0 0 0 0 0 0 0 0 0 0 0
0 0 0 0 \ 0 0 0 0 0 0 0 0 0 0 0 0 0 \ 0 0 / 0 0 0 0 0 0 0 0 0 0 0 0 0 0 0 0
0 0 0 0 0 \ 0 0 0 0 0 0 0 0 0 0 0 0 0 \ / 0 0 0 0 0 0 0 0 0 0 0 0 0 0 0 0 0
0 0 0 0 0 0 \ 0 0 0 0 0 0 0 0 0 0 0 0 0 0 0 0 0 0 0 0 0 0 0 0 0 0 0 0 0 0 0
0 0 0 0 0 0 0 \ 0 0 0 0 0 0 0 0 0 0 0 0 0 0 0 0 0 0 0 0 0 0 0 0 0 0 0 0 0 0
0 0 0 0 0 0 0 0 \ 0 0 0 0 0 0 0 0 0 0 0 0 0 0 0 0 0 0 0 0 0 0 0 0 0 0 0 0 0
0 0 0 0 0 0 0 0 0 \ 0 0 0 0 0 0 0 0 B 0 0 0 0 0 0 0 0 0 0 0 0 0 0 0 0 0 0 0
0 0 0 0 0 0 0 0 0 0 \ 0 0 0 0 0 0 0 0 0 0 0 0 0 0 0 0 0 0 0 0 0 0 0 0 0 0 0
0 0 0 0 0 0 0 0 0 0 0 \ 0 0 0 0 0 0 0 0 0 0 0 0 0 0 0 0 0 0 0 0 0 0 0 0 0 0
0 0 0 0 0 0 0 0 0 0 0 0 \ 0 0 0 0 0 0 0 0 0 0 0 0 0 0 0 0 0 0 0 0 0 0 0 0 0
0 0 0 0 0 0 0 0 0 0 0 0 0 - - - - - - - - - - - - - - - - - - - - - - - - -
END
_ _ _ _ _ _ _ _ _ _ _ _ _ _ _ _ _ _ _ _ _ _ _ _ _ _ _ _ _ _ _ _ _ _ _ _ _ _ _ _ |
I 0 0 0 0 0 0 0 0 0 0 0 0 0 0 0 0 0 0 0 0 0 0 0 0 0 0 0 0 0 0 0 0 0 0 0 0 0 0 0 |
I 0 0 0 0 0 0 0 0 0 0 0 0 0 0 0 0 0 0 0 0 0 0 0 0 0 0 0 0 0 0 0 0 0 0 0 0 0 0 0 |
I 0 0 0 0 0 0 0 0 0 0 0 0 0 0 0 0 0 0 0 0 0 0 0 0 0 0 0 0 0 0 0 0 0 0 0 0 0 0 0 |
I 0 0 0 0 G 0 0 0 0 0 0 0 0 0 0 0 0 0 0 0 0 0 0 0 0 0 0 0 0 0 0 0 0 0 0 0 0 0 0 |
I 0 0 0 0 0 0 0 0 0 0 0 0 0 0 0 0 0 0 0 0 0 0 0 0 0 0 0 0 0 0 0 0 0 E 0 0 0 0 0 |
I 0 V 0 0 0 0 0 0 0 0 0 0 0 0 0 0 0 0 0 0 0 0 0 0 0 0 0 0 0 0 0 0 0 0 0 0 0 0 0 |
I 0 0 0 0 0 0 0 0 0 0 0 0 0 0 0 0 0 0 0 0 0 0 0 0 0 0 0 0 0 0 0 0 0 E 0 0 0 0 0 |
I 0 0 0 0 \ _ _ _ _ _ _ _ _ _ _ _ _ _ _ _ _ _ _ _ _ _ _ / 0 0 0 0 0 0 0 0 0 0 0 |
I 0 0 0 0 0 - - - - - - - - - - - - - - - - - - - - - \ 0 0 0 0 0 0 0 0 0 0 0 0 |
I 0 0 0 0 0 0 0 0 0 0 0 0 0 0 0 0 0 0 0 0 0 0 0 0 0 0 0 \ 0 0 0 0 0 0 0 0 0 0 0 |
I 0 0 0 0 0 0 0 0 0 0 0 0 0 0 0 0 0 0 0 0 0 0 0 0 0 0 0 0 \ 0 0 0 0 0 0 0 0 0 0 |
I 0 0 0 0 0 0 0 0 0 0 0 0 0 0 0 0 0 0 0 0 0 0 0 0 0 0 0 0 0 \ 0 0 0 0 0 0 0 0 0 |
0 \ 0 0 0 0 0 0 0 0 0 0 0 0 0 0 0 0 0 0 0 0 0 0 0 0 0 0 0 0 0 | 0 0 0 0 0 0 0 0 |
0 0 \ 0 0 0 0 0 0 0 0 0 0 0 0 0 0 0 0 0 0 0 0 0 0 0 0 0 0 0 0 | 0 0 0 0 0 0 0 0 |
0 0 0 \ _ _ _ _ _ _ _ _ _ _ _ _ _ _ _ _ _ _ _ _ 0 0 0 0 0 0 0 | 0 0 0 0 0 0 0 0 |
0 0 0 0 - - - - - - - - - - - - - - - - - - - - \ 0 0 0 0 0 0 | 0 0 0 0 0 0 0 0 |
0 0 0 0 0 0 0 0 0 0 0 0 0 0 0 0 0 0 0 0 0 0 0 0 0 | 0 0 0 0 0 | 0 0 0 0 0 0 0 0 |
0 0 0 0 0 0 0 0 0 0 0 0 0 0 0 0 0 0 0 0 0 0 0 0 0 | 0 0 0 0 0 | 0 0 0 0 0 0 0 0 |
0 0 0 0 0 0 0 0 0 0 0 0 0 0 0 0 0 0 0 0 0 0 0 0 0 | 0 0 0 0 0 | 0 0 0 0 0 0 0 0 |
0 0 _ _ _ _ _ _ _ _ _ _ _ _ _ _ _ _ _ _ _ _ _ _ / 0 0 0 0 0 0 | 0 0 0 0 0 0 0 0 |
0 / - - - - - - - - - - - - - - - - - - - - - - 0 0 0 0 0 0 0 | 0 0 0 0 0 0 0 0 |
I 0 0 0 0 0 0 0 0 0 0 0 0 0 0 0 0 0 0 0 0 0 0 0 0 0 0 0 0 0 0 | 0 0 0 0 0 0 0 0 |
I 0 0 0 0 0 0 0 0 0 0 0 0 0 0 0 0 0 0 0 0 0 0 0 0 0 0 0 0 0 0 | 0 0 0 0 0 0 0 0 |
I 0 0 0 0 0 0 0 0 0 0 0 0 0 0 0 0 0 0 0 0 0 0 0 0 0 0 0 0 0 / 0 0 0 0 0 0 0 0 0 |
I 0 0 0 0 0 0 0 0 0 0 0 0 0 0 0 0 0 0 0 0 0 0 0 0 0 0 0 0 / 0 0 0 0 0 0 0 0 0 0 |
I 0 0 0 0 0 0 0 0 0 0 0 0 0 0 0 0 0 0 0 0 0 0 0 0 0 0 0 / 0 0 0 0 0 0 0 0 0 0 0 |
I 0 0 0 0 0 0 0 0 0 0 0 0 0 0 0 0 0 0 0 0 0 0 0 0 0 0 / 0 0 0 0 0 0 0 0 0 0 0 / 0
I 0 0 0 0 0 0 0 0 - - - - - - - - - - - - - - - - - - 0 0 0 0 0 0 0 0 0 0 0 / 0 0
I 0 0 0 0 0 0 0 0 0 0 0 0 0 0 0 0 0 0 0 0 0 0 0 0 0 0 0 0 0 0 0 0 0 0 0 0 / 0 0 0
I 0 0 0 0 0 0 0 0 0 0 0 0 0 0 0 0 0 0 0 0 0 0 0 0 0 0 0 0 0 0 0 0 0 0 0 / 0 0 0 0
I 0 0 0 0 0 0 0 0 0 0 0 0 0 0 0 0 0 0 0 0 0 0 0 0 0 0 0 0 0 0 0 0 0 0 / 0 0 0 0 0
I 0 0 0 0 0 0 0 0 0 0 0 0 0 0 0 0 0 0 0 0 0 0 0 0 0 0 0 0 0 0 0 0 0 / 0 0 0 0 0 0
I 0 0 0 0 0 0 0 0 0 0 0 0 0 0 0 0 0 0 0 0 0 0 0 0 0 0 0 0 0 0 0 0 / 0 0 0 0 0 0 0
I 0 0 0 0 0 0 0 0 0 0 0 0 0 0 0 0 0 0 0 0 0 0 0 0 0 0 0 0 0 0 0 / 0 0 0 0 0 0 0 0
I 0 0 0 0 0 0 0 0 0 0 0 0 0 0 0 0 0 0 0 0 0 0 0 0 0 0 0 0 0 0 / 0 0 0 0 0 0 0 0 0
0 \ 0 0 0 0 0 0 0 0 0 0 0 0 0 0 0 0 0 0 0 0 0 0 0 0 0 0 0 0 / 0 0 0 0 0 0 0 0 0 0
0 0 - - - - - - - - - - - - - - - - - - - - - - - - - - - - 0 0 0 0 0 0 0 0 0 0 0
END
0 0 0 0 0 0 0 0 0 0 0 0 0 0 0 0 0 0 0 0 0 0 0 0 0 0 0 0 0 0 0 0 0 0 0 0 0 0 0 0
0 0 0 0 0 0 0 0 0 0 0 0 0 0 0 0 0 0 0 0 0 0 0 0 0 0 0 0 0 0 0 0 0 0 0 0 0 0 0 0
0 0 0 0 0 0 0 0 0 0 0 0 0 0 0 0 0 0 0 0 0 0 0 0 0 0 0 0 0 0 0 0 0 0 0 0 0 0 0 0
0 0 0 0 0 0 0 0 0 0 0 0 0 0 0 0 0 0 0 0 0 0 0 0 0 0 0 0 0 0 0 0 0 0 0 0 0 0 0 0
0 0 0 0 0 0 0 0 0 0 0 0 0 0 0 0 0 0 0 0 0 0 0 0 0 0 0 0 0 0 0 0 0 0 0 0 0 0 0 0
0 0 0 0 0 0 0 0 0 0 0 0 0 0 0 0 0 0 0 0 0 0 0 0 0 0 0 0 0 0 0 0 0 0 0 0 0 0 0 0
0 0 0 0 0 0 0 0 0 0 0 0 0 0 0 0 0 0 0 0 0 0 0 0 0 0 0 0 0 0 0 0 0 0 0 0 0 0 0 0
0 0 0 0 0 V 0 0 0 0 0 0 0 0 0 0 0 0 0 0 0 0 0 0 0 0 0 0 0 0 0 0 0 0 0 0 0 0 0 0
0 0 0 0 0 0 0 0 0 0 0 0 0 0 0 0 T 0 0 0 0 0 0 0 T 0 0 0 0 0 0 0 0 0 0 0 0 0 0 0
0 0 0 0 0 0 0 0 0 0 0 0 0 0 0 0 0 0 0 0 0 0 0 0 0 0 0 0 0 0 0 0 0 0 0 0 0 0 0 0
0 0 0 0 0 0 0 0 0 0 0 0 0 0 0 0 0 0 0 0 0 0 0 0 0 0 0 0 0 0 0 0 0 0 0 0 0 0 0 0
0 0 0 0 0 0 0 0 0 0 0 0 T 0 0 0 0 0 0 0 T 0 0 0 0 0 0 0 T 0 0 0 0 0 0 0 0 0 0 0
0 0 0 0 0 0 0 0 0 0 0 0 0 0 0 0 0 0 0 0 0 0 0 0 0 0 0 0 0 0 0 0 0 0 0 0 0 0 0 0
0 0 0 0 0 0 0 0 0 0 0 0 0 0 0 0 0 0 0 0 0 0 0 0 0 0 0 0 0 0 0 0 0 0 0 0 0 0 0 0
0 0 0 0 0 0 0 0 T 0 0 0 0 0 0 0 T 0 0 0 0 0 0 0 T 0 0 0 0 0 0 0 0 T 0 0 0 0 0 0
0 0 0 0 0 0 0 0 0 0 0 0 0 0 0 0 0 0 0 0 0 0 0 0 0 0 0 0 0 0 0 0 0 0 0 0 0 0 0 0
0 0 0 0 0 0 0 0 0 0 0 0 0 0 0 0 0 0 0 0 0 0 0 0 0 0 0 0 0 0 0 0 0 0 0 0 0 0 0 0
0 0 0 0 0 0 0 0 0 0 0 0 0 0 0 0 0 0 0 0 0 0 0 0 0 0 0 0 0 0 0 0 0 0 0 0 0 0 0 0
0 0 0 0 0 0 0 0 0 0 0 0 T 0 0 0 0 0 0 0 T 0 0 0 0 0 0 0 T 0 0 0 0 0 0 0 0 0 0 0
0 0 0 0 0 0 0 0 0 0 0 0 0 0 0 0 0 0 0 0 0 0 0 0 0 0 0 0 0 0 0 0 0 0 0 0 0 0 0 0
0 0 0 0 0 0 0 0 0 0 0 0 0 0 0 0 0 0 0 0 0 0 0 0 0 0 0 0 0 0 0 0 0 0 0 0 0 0 0 0
0 0 0 0 0 0 0 0 0 0 0 0 0 0 0 0 0 0 0 0 0 0 0 0 0 0 0 0 0 0 0 0 0 0 0 0 0 0 0 0
0 0 0 0 0 0 0 0 0 0 0 0 0 0 0 0 T 0 0 0 0 0 0 0 T 0 0 0 0 0 0 0 0 0 0 0 0 0 0 0
0 0 0 0 0 0 0 0 0 0 0 0 0 0 0 0 0 0 0 0 0 0 0 0 0 0 0 0 0 0 0 0 0 0 0 0 0 0 0 0
0 0 0 0 0 0 0 0 0 0 0 0 0 0 0 0 0 0 0 0 0 0 0 0 0 0 0 0 0 0 0 0 0 0 0 0 0 0 0 0
0 0 0 0 0 0 0 0 0 0 0 0 0 0 0 0 0 0 0 0 G 0 0 0 0 0 0 0 0 0 0 0 0 0 0 0 0 0 0 0
0 0 0 0 0 0 0 0 0 0 0 0 0 0 0 0 0 0 0 0 0 0 0 0 0 0 0 0 0 0 0 0 0 0 0 0 0 0 0 0
0 0 0 0 0 0 0 0 0 0 0 0 0 0 0 0 0 0 0 0 0 0 0 0 0 0 0 0 0 0 0 0 0 0 0 0 0 0 0 0
0 0 0 0 0 0 0 0 0 0 0 0 0 0 0 0 0 0 0 0 0 0 0 0 0 0 0 0 0 0 0 0 0 0 0 0 0 0 0 0
0 0 0 0 0 0 0 0 0 0 0 0 0 0 0 0 0 0 0 0 0 0 0 0 0 0 0 0 0 0 0 0 0 0 0 0 0 0 0 0
0 0 0 0 0 0 0 0 0 0 0 0 0 0 0 0 0 0 0 0 0 0 0 0 0 0 0 0 0 0 0 0 0 0 0 0 0 0 0 0
0 0 0 0 0 0 0 0 0 0 0 0 0 0 0 0 0 0 0 0 0 0 0 0 0 0 0 0 0 0 0 0 0 0 0 0 0 0 0 0
0 0 0 0 0 0 0 0 0 0 0 0 0 0 0 0 0 0 0 0 0 0 0 0 0 0 0 0 0 0 0 0 0 0 0 0 0 0 0 0
0 0 0 0 0 0 0 0 0 0 0 0 0 0 0 0 0 0 0 0 0 0 0 0 0 0 0 0 0 0 0 0 0 0 0 0 0 0 0 0
0 0 0 0 0 0 0 0 0 0 0 0 0 0 0 0 0 0 0 0 0 0 0 0 0 0 0 0 0 0 0 0 0 0 0 0 0 0 0 0
X X X X X X X X X X X X X X X X X X X X X X X X X X X X X X X X X X X X X X X X
END
0 0 0 0 0 0 0 0 0 0 0 0 0 0 0 0 0 0 0 0 0 0 0 0 0 0 0 0 0 0 0 0 0 0 0 0 0 0 0 0 0 0 0 0 0 0 0 0
0 0 0 _ _ _ _ _ _ _ _ _ _ _ _ _ _ _ _ _ _ _ _ _ _ _ _ _ _ _ _ _ _ _ _ _ _ _ _ _ _ _ _ _ _ 0 0 0
0 0 / 0 0 0 0 0 0 0 0 0 0 0 0 0 0 0 0 0 0 0 0 0 0 0 0 0 0 0 0 0 0 0 0 0 0 0 0 0 0 0 0 0 0 \ 0 0
0 I 0 0 0 0 0 0 0 0 0 0 0 0 0 0 0 0 0 0 0 0 0 0 0 0 0 0 0 0 0 0 0 0 0 0 0 0 0 0 0 0 0 0 0 0 | 0
0 I 0 0 0 0 0 0 0 0 0 0 0 0 0 0 0 0 0 0 0 0 0 0 0 0 0 0 0 0 0 0 0 0 0 0 0 0 0 0 0 0 0 0 0 0 | 0
0 I 0 0 0 0 0 0 0 0 0 0 0 0 0 0 0 0 0 0 0 0 0 0 0 0 0 0 0 0 0 0 0 0 0 0 0 0 0 0 0 G 0 0 0 0 | 0
0 I 0 0 0 0 0 0 0 0 0 0 0 0 0 0 0 0 0 0 0 0 0 0 0 0 0 0 0 0 0 0 0 0 0 0 0 0 0 0 0 0 0 0 0 0 | 0
0 I 0 0 0 0 0 0 0 0 0 0 0 0 0 0 0 0 0 0 0 0 0 0 0 0 0 0 0 0 0 0 0 0 0 0 0 0 0 0 0 0 0 0 0 0 | 0
0 / \ 0 0 0 W 0 0 0 / \ 0 0 0 0 0 0 0 / \ 0 0 0 0 0 0 0 / \ 0 0 0 0 0 0 / \ 0 0 0 0 0 0 0 / \ 0
I 0 0 | 0 0 0 0 0 I 0 0 _ _ _ _ _ _ _ 0 0 _ _ _ _ _ _ _ 0 0 _ _ _ _ _ _ 0 0 _ _ _ _ _ _ _ 0 0 |
0 \ / 0 0 0 0 0 0 0 \ / 0 0 0 0 0 0 0 \ / 0 0 0 0 0 0 0 \ / 0 0 0 0 0 0 \ / 0 0 0 0 0 0 0 \ / 0
0 I | 0 0 0 0 0 0 0 0 | 0 0 0 0 0 0 0 0 0 0 0 0 0 0 0 0 I 0 0 0 0 0 0 0 0 0 0 0 0 0 0 0 0 I | 0
0 I | 0 0 0 0 0 0 0 0 | 0 0 0 0 0 0 0 0 0 0 0 0 0 0 0 0 I 0 0 0 0 0 0 0 0 0 0 0 0 0 0 0 0 I | 0
0 I | 0 0 0 0 0 0 0 0 | 0 0 0 0 0 0 0 0 0 0 0 0 0 0 0 0 I 0 0 0 0 0 0 0 0 0 0 0 0 0 0 0 0 I | 0
0 I | 0 0 0 0 0 0 0 0 | 0 0 0 0 0 0 0 0 0 0 0 0 0 0 0 0 I 0 0 0 0 0 0 0 0 0 0 0 0 0 0 0 0 I | 0
0 I | 0 0 0 0 0 0 0 0 | 0 0 0 0 0 0 0 0 0 0 0 0 0 0 0 0 I 0 0 0 0 0 0 0 0 0 0 0 0 0 0 0 0 I | 0
0 I | 0 0 0 M 0 0 0 0 | 0 0 0 0 0 0 0 0 0 0 0 0 0 0 0 0 I 0 0 0 0 0 0 0 0 0 0 0 0 0 0 0 0 I | 0
0 / \ 0 0 0 0 0 0 0 / \ 0 0 0 0 0 0 0 / \ 0 0 0 0 0 0 0 / \ 0 0 0 0 0 0 0 0 0 0 0 0 0 0 0 / \ 0
I 0 0 | 0 0 0 0 0 I 0 0 | 0 0 0 0 0 I 0 0 | 0 0 0 0 0 I 0 0 | 0 0 0 0 0 0 0 0 0 0 0 0 0 I 0 0 |
0 \ / 0 0 0 0 0 0 0 \ / 0 0 0 0 0 0 0 \ / 0 0 0 0 0 0 0 \ / 0 0 0 0 0 0 0 0 0 0 0 0 0 0 0 \ / 0
0 I | 0 0 0 0 0 0 0 0 | 0 0 0 0 0 0 0 0 | 0 0 0 0 0 0 0 I 0 0 0 0 0 0 0 0 0 0 0 0 0 0 0 0 I | 0
0 I | 0 0 0 0 0 0 0 0 | 0 0 0 0 0 0 0 0 | 0 0 0 0 0 0 0 I 0 0 0 0 0 0 0 0 0 0 0 0 0 0 0 0 I | 0
0 I | 0 0 0 0 0 0 0 0 | 0 0 0 0 0 0 0 0 | 0 0 0 0 0 0 0 I 0 0 0 0 0 0 0 0 0 0 0 0 0 0 0 0 I | 0
0 I | 0 0 0 0 0 0 0 0 | 0 0 0 0 0 0 0 0 | 0 0 0 0 0 0 0 I 0 0 0 0 0 0 0 0 0 0 0 0 0 0 0 0 I | 0
0 I | 0 0 0 0 0 0 0 0 | 0 0 0 0 0 0 0 0 | 0 0 0 0 0 0 0 I 0 0 0 0 0 0 0 0 0 0 0 0 0 0 0 0 I | 0
0 I | 0 0 0 0 0 0 0 0 | 0 0 0 0 0 0 0 0 | 0 0 0 0 0 0 0 I 0 0 0 0 0 0 0 0 0 0 0 0 0 0 0 0 I | 0
0 / \ 0 0 0 0 0 0 0 / \ 0 0 0 0 0 0 0 / \ 0 0 0 0 0 0 0 / \ 0 0 0 0 0 0 / \ 0 0 0 0 0 0 0 / \ 0
I 0 0 | 0 0 0 0 0 I 0 0 | 0 0 0 0 0 I 0 0 | 0 0 0 0 0 I 0 0 _ _ _ _ _ _ 0 0 _ _ _ _ _ _ _ 0 0 |
0 \ / 0 0 0 0 0 0 0 \ / 0 0 0 0 0 0 0 \ / 0 0 0 0 0 0 0 \ / 0 0 0 0 0 0 \ / 0 0 0 0 0 0 0 \ / 0
0 I | 0 0 0 0 0 0 0 I | 0 0 0 0 0 0 0 I 0 0 0 0 0 0 0 0 0 0 0 0 0 0 0 0 0 0 0 0 0 0 0 0 0 0 | 0
0 I | 0 0 0 M 0 0 0 I | 0 0 0 M 0 0 0 I 0 0 0 0 M 0 0 0 0 0 0 0 0 0 0 0 0 0 0 0 0 0 0 0 0 0 | 0
0 I | 0 0 0 0 0 0 0 I | 0 0 0 0 0 0 0 I 0 0 0 0 0 0 0 0 0 0 0 0 0 0 0 0 0 0 0 0 0 0 0 0 0 0 | 0
0 I | 0 0 0 0 0 0 0 I | 0 0 0 0 0 0 0 I 0 0 0 0 0 0 0 0 0 0 0 0 0 0 0 0 0 0 0 0 0 0 0 0 0 0 | 0
0 I | 0 0 0 0 0 0 0 I | 0 0 0 0 0 0 0 I 0 0 0 0 0 0 0 0 0 0 0 0 0 0 0 0 0 0 0 0 0 0 0 0 0 0 | 0
0 / \ 0 0 0 0 0 0 0 / \ 0 0 0 0 0 0 0 / \ 0 0 0 0 0 0 0 / \ 0 0 0 0 0 0 / \ 0 0 0 0 0 0 0 / \ 0
I 0 0 | 0 0 0 0 0 I 0 0 | 0 0 0 0 0 I 0 0 - - - - - - - 0 0 - - - - - - 0 0 | 0 0 0 0 0 I 0 0 |
0 \ / 0 0 0 0 0 0 0 \ / 0 0 0 0 0 0 0 \ / 0 0 0 0 0 0 0 \ / 0 0 0 0 0 0 \ / 0 0 0 0 0 0 0 \ / 0
0 I | 0 0 0 0 0 0 0 I | 0 0 0 0 0 0 0 0 0 0 0 0 0 0 0 0 0 0 0 0 0 0 0 0 0 | 0 0 0 0 0 0 0 I | 0
0 I | 0 0 0 0 0 0 0 I | 0 0 0 0 0 0 0 0 0 0 0 0 0 0 0 0 0 0 0 0 0 0 0 0 0 | 0 0 0 0 0 0 0 I | 0
0 I | 0 0 0 0 0 0 0 I | 0 0 0 0 0 0 0 0 0 0 0 0 0 0 0 0 0 0 0 0 0 0 0 0 0 | 0 0 0 0 0 0 0 I | 0
0 I | 0 0 0 0 0 0 0 / \ 0 0 0 0 0 0 0 0 0 0 0 0 0 0 0 0 0 0 0 0 0 0 0 0 0 | 0 0 0 0 0 0 0 I | 0
0 I | 0 0 0 0 0 0 I 0 0 | 0 0 0 0 0 0 0 0 0 0 0 0 0 0 0 0 0 0 0 0 0 0 0 0 | 0 0 0 0 0 0 0 I | 0
0 I | 0 0 0 0 0 0 0 \ / 0 0 0 0 0 0 0 0 0 0 0 0 0 0 0 0 0 0 0 0 0 0 0 0 0 | 0 0 0 0 0 0 0 I | 0
0 / \ 0 0 0 0 0 0 0 0 0 0 0 0 0 0 0 0 / \ 0 0 0 0 0 0 0 / \ 0 0 0 0 0 0 / \ 0 0 0 0 0 0 0 / \ 0
I 0 0 | 0 0 0 0 0 0 0 0 0 0 0 0 0 0 I 0 0 - - - - - - - 0 0 | 0 0 0 0 I 0 0 | 0 0 0 0 0 I 0 0 |
0 \ / 0 0 0 0 0 0 0 0 0 0 0 0 0 0 0 0 \ / 0 0 0 0 0 0 0 \ / 0 0 0 0 0 0 \ / 0 0 0 0 0 0 0 \ / 0
0 I 0 0 0 0 0 0 0 0 0 0 0 0 0 0 0 0 0 I 0 0 0 0 0 0 0 0 0 | 0 0 0 0 0 0 0 | 0 0 0 0 0 0 0 0 | 0
0 I 0 0 0 0 0 0 0 0 0 0 0 0 0 0 0 0 0 I 0 0 0 0 0 0 0 0 0 | 0 0 0 0 0 0 0 | 0 0 0 0 0 0 0 0 | 0
0 I 0 0 0 0 0 0 0 0 0 0 0 0 0 0 0 0 0 I 0 0 0 0 0 0 0 0 0 | 0 0 0 0 0 0 0 | 0 0 0 0 0 0 0 0 | 0
0 / \ 0 0 0 0 0 0 0 / \ 0 0 0 0 0 0 0 / \ 0 0 0 0 0 0 0 / \ 0 0 0 0 0 0 / \ 0 0 0 0 0 0 0 / \ 0
I 0 0 _ _ _ _ _ _ _ 0 0 _ _ _ _ _ _ _ 0 0 | 0 0 0 0 0 I 0 0 _ _ _ _ _ _ 0 0 | 0 0 0 0 0 I 0 0 |
0 \ / 0 0 0 0 0 0 0 \ / 0 0 0 0 0 0 0 \ / 0 0 0 0 0 0 0 \ / 0 0 0 0 0 0 \ / 0 0 0 0 0 0 0 \ / 0
0 0 0 0 0 0 0 0 0 0 0 0 0 0 0 0 0 0 0 0 0 0 0 0 0 0 0 0 0 0 0 0 0 0 0 0 0 | 0 0 0 0 0 0 0 0 | 0
0 0 > 0 0 0 0 0 0 0 0 0 0 0 0 0 0 0 0 0 0 0 0 0 0 0 0 0 0 0 0 0 0 0 0 0 0 | 0 0 0 0 0 0 0 0 | 0
0 0 0 0 0 0 0 0 0 0 0 0 0 0 0 0 0 0 0 0 0 0 0 0 0 0 0 0 0 0 0 0 0 0 0 0 0 | 0 0 0 0 0 0 0 0 | 0
0 0 0 0 0 0 0 0 0 0 0 0 0 0 0 0 0 0 0 0 0 0 0 0 0 0 0 0 0 0 0 0 0 0 0 0 0 | 0 0 0 0 0 0 0 0 | 0
0 / \ 0 0 0 0 0 0 0 / \ 0 0 0 0 0 0 0 / \ 0 0 0 0 0 0 0 / \ 0 0 0 0 0 0 / \ 0 0 0 0 0 0 0 / \ 0
I 0 0 | 0 0 0 0 0 I 0 0 - - - - - - - 0 0 | 0 0 0 0 0 I 0 0 | 0 0 0 0 I 0 0 | 0 0 M 0 0 I 0 0 |
0 \ / 0 0 0 0 0 0 0 \ / 0 0 0 0 0 0 0 \ / 0 0 0 0 0 0 0 \ / 0 0 0 0 0 0 \ / 0 0 0 0 0 0 0 \ / 0
0 I 0 0 0 0 0 0 0 0 0 0 0 0 0 0 0 0 0 0 0 0 0 0 0 0 0 0 0 | 0 0 0 0 0 0 0 0 0 0 0 0 0 0 0 0 | 0
0 I 0 0 0 0 0 0 0 0 0 0 0 0 0 0 0 0 0 0 0 0 0 0 0 0 0 0 0 | 0 0 0 0 0 0 0 0 0 0 0 0 0 0 0 0 | 0
0 I 0 0 0 0 0 0 0 0 0 0 0 0 0 0 0 0 0 0 0 0 0 0 0 0 0 0 0 | 0 0 0 0 0 0 0 0 0 0 0 0 0 0 0 0 | 0
0 I 0 0 0 0 0 0 0 0 0 0 0 0 0 0 0 0 0 0 0 0 0 0 0 0 0 0 0 | 0 0 0 0 0 0 0 0 0 0 0 0 0 0 0 0 | 0
0 I 0 0 0 0 0 0 0 0 0 0 0 0 0 0 0 0 0 0 0 0 0 0 0 0 0 0 0 | 0 0 0 0 0 0 0 0 0 0 0 0 0 0 0 0 | 0
0 I 0 0 0 0 0 0 0 0 0 0 0 0 0 0 0 0 0 0 0 0 0 0 0 0 0 0 0 | 0 0 0 0 0 0 0 0 0 0 0 0 0 0 0 0 | 0
0 / \ 0 0 0 0 0 0 0 / \ 0 0 0 0 0 0 0 / \ 0 0 0 0 0 0 0 / \ 0 0 0 0 0 0 / \ 0 0 0 0 0 0 0 / \ 0
I 0 0 - - - - - - - 0 0 - - - - - - - 0 0 - - - - - - - 0 0 - - - - - - 0 0 - - - - - - - 0 0 |
0 \ / 0 0 0 0 0 0 0 \ / 0 0 0 0 0 0 0 \ / 0 0 0 0 0 0 0 \ / 0 0 0 0 0 0 \ / 0 0 0 0 0 0 0 \ / 0
END
0 0 0 0 0 0 0 \ 0 0 0 0 0 0 0 0 0 0 0 0 0 0 0 0 0 0 0 0 0 0 0 0 0 0 0 0 0 0 0 0 0 0 0 0 0 0 0 0 0 0 0 0 0 0 0 0
0 0 0 0 0 0 0 0 \ 0 0 0 0 0 0 0 0 0 0 0 0 0 0 0 0 0 0 0 0 0 0 0 0 0 0 0 0 0 0 0 0 0 0 0 0 0 0 0 0 0 0 0 0 0 0 0
0 0 0 0 0 0 0 0 0 \ 0 0 0 0 0 0 0 0 _ _ _ _ _ 0 0 0 0 0 0 0 0 _ _ _ _ _ 0 0 0 0 0 0 0 0 _ _ _ _ _ _ 0 0 0 0 0 0
0 0 0 0 0 0 0 > 0 0 \ 0 0 0 0 0 0 / 0 0 0 0 0 \ 0 0 0 0 0 0 / 0 0 0 0 0 \ 0 0 0 0 0 0 / 0 0 0 0 0 0 \ 0 0 0 0 0
0 0 0 0 0 0 _ 0 0 0 0 \ 0 0 0 0 / 0 0 0 0 0 0 0 \ 0 0 0 0 / 0 0 0 0 0 0 0 \ 0 0 0 0 / 0 0 0 0 0 0 0 0 \ 0 0 0 0
0 0 0 0 0 / 0 \ 0 0 0 0 - - - - 0 0 0 _ _ _ 0 0 0 - - - - 0 0 0 _ _ _ 0 0 0 - - - - 0 0 0 _ _ _ 0 0 0 0 \ 0 0 0
0 0 0 0 I 0 0 0 \ 0 0 0 0 0 0 0 0 0 / 0 0 0 \ 0 0 0 0 0 0 0 0 / 0 0 0 \ 0 0 0 0 0 0 0 0 / 0 0 0 \ 0 0 0 0 \ 0 0
0 0 0 0 I 0 0 0 0 \ 0 0 0 0 0 0 0 / 0 0 0 0 0 \ 0 0 0 0 0 0 / 0 0 0 0 0 \ 0 0 0 0 0 0 / 0 0 0 0 0 \ 0 0 0 0 | 0
0 0 0 0 I 0 0 0 0 I - - - - - - - \ 0 0 0 0 0 / - - - - - - \ 0 0 0 0 0 / - - - - - - \ 0 0 0 0 0 / 0 0 0 0 | 0
0 0 0 0 I 0 0 0 0 I 0 0 0 0 0 0 0 0 \ 0 0 0 / 0 0 0 0 0 0 0 0 \ 0 0 0 / 0 0 0 0 0 0 0 0 \ 0 0 0 / 0 0 0 0 0 | 0
0 0 0 0 0 \ 0 0 0 / \ 0 0 0 0 0 0 0 0 - - - 0 0 0 0 0 0 0 0 0 0 - - - 0 0 0 0 0 0 0 0 0 0 - - - 0 0 0 0 0 / 0 0 
0 0 0 0 0 0 - - - 0 0 \ 0 0 G 0 0 0 0 0 0 0 0 0 0 0 0 0 0 0 0 0 0 0 0 0 0 0 0 0 0 0 0 0 0 0 0 0 0 0 0 0 / 0 0 0 
0 0 0 0 0 0 0 0 0 0 0 0 \ 0 0 0 0 0 0 0 0 0 0 0 0 0 0 0 0 0 0 0 0 E 0 0 0 0 0 0 0 0 0 0 0 0 0 0 0 0 0 / 0 0 0 0 
0 0 0 0 0 0 0 0 0 0 0 0 0 \ 0 0 0 0 0 0 0 0 0 0 _ _ _ _ _ 0 0 0 0 0 0 0 0 0 _ _ _ _ _ 0 0 0 0 0 0 0 / 0 0 0 0 0 
0 0 0 0 0 0 0 0 0 0 0 0 0 0 \ 0 0 0 0 0 0 0 0 0 0 0 0 0 0 \ 0 0 0 0 0 0 0 / 0 0 0 0 0 0 0 0 0 0 0 / 0 0 0 0 0 0 
0 0 0 0 0 0 0 0 0 0 0 0 0 0 0 \ 0 0 0 0 0 0 0 0 0 0 0 0 0 0 \ 0 0 0 0 0 / 0 0 0 0 0 0 0 0 0 0 0 / 0 0 0 0 0 0 0 
0 0 0 0 0 0 0 0 0 0 0 0 0 0 0 0 \ 0 0 0 0 0 0 0 0 0 0 0 0 0 0 - - - - - 0 0 0 0 0 0 0 0 0 0 0 / 0 0 0 0 0 0 0 0 
0 0 0 0 0 0 0 0 0 0 0 0 0 0 0 0 0 \ 0 0 0 0 0 0 0 0 0 0 0 0 0 0 0 0 0 0 0 0 0 0 0 0 0 0 0 0 / 0 0 0 0 0 0 0 0 0 
0 0 0 0 0 0 0 0 0 0 0 0 0 0 0 0 0 0 \ 0 0 0 0 0 0 0 0 0 0 0 0 0 0 0 0 0 0 0 0 0 0 0 0 0 0 / 0 0 0 0 0 0 0 0 0 0 
0 0 0 0 0 0 0 0 0 0 0 0 0 0 0 0 0 0 0 \ 0 0 0 0 0 0 0 0 0 0 0 0 0 0 0 0 0 0 0 0 0 0 0 0 / 0 0 0 0 0 0 0 0 0 0 0 
0 0 0 0 0 0 0 0 0 0 0 0 0 0 0 0 0 0 0 0 \ 0 0 0 0 0 0 0 0 0 0 0 0 0 0 0 0 0 0 0 0 0 0 / 0 0 0 0 0 0 0 0 0 0 0 0 
0 0 0 0 0 0 0 0 0 0 0 0 0 0 0 0 0 0 0 0 0 \ 0 0 0 0 0 0 0 0 0 0 0 0 0 0 0 0 0 0 0 0 / 0 0 0 0 0 0 0 0 0 0 0 0 0 
0 0 0 0 0 0 0 0 0 0 0 0 0 0 0 0 0 0 0 0 0 0 \ 0 0 0 0 0 0 0 0 0 0 0 0 0 0 0 0 0 0 / 0 0 0 0 0 0 0 0 0 0 0 0 0 0 
0 0 0 0 0 0 0 0 0 0 0 0 0 0 0 0 0 0 0 0 0 0 0 \ 0 0 0 0 0 0 0 0 0 0 0 0 0 0 0 0 / 0 0 0 0 0 0 0 0 0 0 0 0 0 0 0 
0 0 0 0 0 0 0 0 0 0 0 0 0 0 0 0 0 0 0 0 0 0 0 0 \ 0 0 0 0 0 0 0 0 0 0 0 0 0 0 / 0 0 0 0 0 0 0 0 0 0 0 0 0 0 0 0 
0 0 0 0 0 0 0 0 0 0 0 0 0 0 0 0 0 0 0 0 0 0 0 0 0 \ 0 0 0 0 0 0 0 0 0 0 0 0 / 0 0 0 0 0 0 0 0 0 0 0 0 0 0 0 0 0 
0 0 0 0 0 0 0 0 0 0 0 0 0 0 0 0 0 0 0 0 0 0 0 0 0 0 \ 0 0 0 0 0 0 0 0 0 0 / 0 0 0 0 0 0 0 0 0 0 0 0 0 0 0 0 0 0 
0 0 0 0 0 0 0 0 0 0 0 0 0 0 0 0 0 0 0 0 0 0 0 0 0 0 0 \ 0 0 0 0 0 0 0 0 / 0 0 0 0 0 0 0 0 0 0 0 0 0 0 0 0 0 0 0 
0 0 0 0 0 0 0 0 0 0 0 0 0 0 0 0 0 0 0 0 0 0 0 0 0 0 0 0 - - - - - - - - 0 0 0 0 0 0 0 0 0 0 0 0 0 0 0 0 0 0 0 0 
0 0 0 0 0 0 0 0 0 0 0 0 0 0 0 0 0 0 0 0 0 0 0 0 0 0 0 0 0 0 0 0 0 0 0 0 0 0 0 0 0 0 0 0 0 0 0 0 0 0 0 0 0 0 0 0 
0 0 0 0 0 0 0 0 0 0 0 0 0 0 0 0 0 0 0 0 0 0 0 0 0 0 0 0 0 0 0 0 0 0 0 0 0 0 0 0 0 0 0 0 0 0 0 0 0 0 0 0 0 0 0 0 
0 0 0 0 0 0 0 0 0 0 0 0 0 0 0 0 0 0 0 0 0 0 0 0 0 0 0 0 0 0 0 0 0 0 0 0 0 0 0 0 0 0 0 0 0 0 0 0 0 0 0 0 0 0 0 0 
0 0 0 0 0 0 0 0 0 0 0 0 0 0 0 0 0 0 0 0 0 0 0 0 0 0 0 0 0 0 0 0 0 0 0 0 0 0 0 0 0 0 0 0 0 0 0 0 0 0 0 0 0 0 0 0 
0 0 0 0 0 0 0 0 0 0 0 0 0 0 0 0 0 0 0 0 0 0 0 0 0 0 0 0 0 0 0 0 0 0 0 0 0 0 0 0 0 0 0 0 0 0 0 0 0 0 0 0 0 0 0 0 
0 0 0 0 0 0 0 0 0 0 0 0 0 0 0 0 0 0 0 0 0 0 0 0 0 0 0 0 0 0 0 0 0 0 0 0 0 0 0 0 0 0 0 0 0 0 0 0 0 0 0 0 0 0 0 0 
0 0 0 0 0 0 0 0 0 0 0 0 0 0 0 0 0 0 0 0 0 0 0 0 0 0 0 0 0 0 0 0 0 0 0 0 0 0 0 0 0 0 0 0 0 0 0 0 0 0 0 0 0 0 0 0 
0 0 0 0 0 0 0 0 0 0 0 0 0 0 0 0 0 0 0 0 0 0 0 0 0 0 0 0 0 0 0 0 0 0 0 0 0 0 0 0 0 0 0 0 0 0 0 0 0 0 0 0 0 0 0 0 
0 0 0 0 0 0 0 0 0 0 0 0 0 0 0 0 0 0 0 0 0 0 0 0 0 0 0 0 0 0 0 0 0 0 0 0 0 0 0 0 0 0 0 0 0 0 0 0 0 0 0 0 0 0 0 0 
0 0 0 0 0 0 0 0 0 0 0 0 0 0 0 0 0 0 0 0 0 0 0 0 0 0 0 0 0 0 0 0 0 0 0 0 0 0 0 0 0 0 0 0 0 0 0 0 0 0 0 0 0 0 0 0 
0 0 0 0 0 0 0 0 0 0 0 0 0 0 0 0 0 0 0 0 0 0 0 0 0 0 0 0 0 0 0 0 0 0 0 0 0 0 0 0 0 0 0 0 0 0 0 0 0 0 0 0 0 0 0 0 
END
0 0 0 0 0 _ _ _ _ _ _ 0 0 0 0 0 0 0 0 0 0 _ _ _ _ _ _ 0 0 0 0 0 0 0 0 0 0 _ _ _ _ _ _ 0 0 0 0 0 0 0 0 0 0 _ _ _ _ _ _ 0 0 0 0 0
0 0 0 0 / 0 0 0 0 0 0 \ 0 0 0 0 0 0 0 0 / 0 0 0 0 0 0 \ 0 0 0 0 0 0 0 0 / 0 0 0 0 0 0 \ 0 0 0 0 0 0 0 0 / 0 0 0 0 0 0 \ 0 0 0 0
0 0 0 / 0 0 0 0 0 0 0 0 \ 0 0 0 0 0 0 / 0 0 0 0 0 0 0 0 \ 0 0 0 0 0 0 / 0 0 0 0 0 0 0 0 \ 0 0 0 0 0 0 / 0 0 0 0 0 0 0 0 \ 0 0 0
0 0 / 0 0 0 0 0 0 0 0 0 0 \ 0 0 0 0 / 0 0 0 0 0 0 0 0 0 0 \ 0 0 0 0 / 0 0 0 0 0 0 0 0 0 0 \ 0 0 0 0 / 0 0 0 0 0 0 0 0 0 0 \ 0 0
0 / 0 0 0 0 0 0 0 0 0 0 0 0 \ 0 0 / 0 0 0 0 0 0 0 0 0 0 0 0 \ 0 0 / 0 0 0 0 0 0 0 0 0 0 0 0 \ 0 0 / 0 0 0 0 0 0 0 0 0 0 0 0 \ 0
I 0 0 0 0 0 0 0 0 0 0 0 0 0 0 | I 0 0 0 0 0 0 0 0 0 0 0 0 0 0 | I 0 0 0 0 0 0 0 0 0 0 0 0 0 0 | I 0 0 0 0 0 0 0 0 0 0 0 0 0 0 |
I 0 0 0 0 0 > 0 0 0 0 0 0 0 0 | I 0 0 0 0 0 0 0 0 0 0 0 0 0 0 | I 0 0 0 0 0 0 0 0 0 0 0 0 0 0 | I 0 0 0 0 0 0 0 0 0 0 0 0 0 0 |
I 0 0 0 0 0 0 0 0 0 0 0 0 0 0 | I 0 0 0 0 0 0 0 0 0 0 0 0 0 0 | I 0 0 0 0 0 0 0 0 0 0 0 0 0 0 0 0 0 0 0 0 0 0 0 0 0 0 0 0 0 0 |
I 0 0 0 0 0 0 0 0 0 0 0 0 0 0 | I 0 0 0 0 0 0 0 0 0 0 0 0 0 0 | I 0 0 0 0 0 0 0 0 0 0 0 0 0 0 0 0 0 0 0 0 0 0 0 0 0 0 0 0 0 0 |
I 0 0 0 0 0 0 0 0 0 0 0 0 0 0 | I 0 0 0 0 0 0 0 0 0 0 0 0 0 0 | I 0 0 0 0 0 0 0 0 0 0 0 0 0 0 | I 0 0 0 0 0 0 0 0 0 0 0 0 0 0 |
I 0 0 0 0 0 0 0 0 0 0 0 0 0 0 | I 0 0 0 0 0 0 0 0 0 0 0 0 0 0 | I 0 0 0 0 0 0 0 0 0 0 0 0 0 0 | I 0 0 0 0 0 0 0 0 0 0 0 0 0 0 |
0 \ 0 0 0 0 0 0 0 0 0 0 0 0 / 0 0 \ 0 0 0 0 0 0 0 0 0 0 0 0 / 0 0 0 0 0 0 0 0 0 0 0 0 0 0 0 / 0 0 \ 0 0 0 0 0 0 0 0 0 0 0 0 / 0
0 0 \ 0 0 0 0 0 0 0 0 0 0 0 0 0 0 0 \ 0 0 0 0 0 0 0 0 0 0 / 0 0 0 0 0 0 0 0 0 0 0 0 0 0 0 / 0 0 0 0 \ 0 0 0 0 0 0 0 0 0 0 / 0 0
0 0 0 \ 0 0 0 0 0 0 0 0 0 0 0 0 0 0 0 \ 0 0 0 0 0 0 0 0 / 0 0 0 0 0 0 0 0 0 0 0 0 0 0 0 / 0 0 0 0 0 0 \ 0 0 0 0 0 0 0 0 / 0 0 0
0 0 0 0 \ 0 0 0 0 0 0 / 0 0 0 0 0 0 0 0 \ 0 0 0 0 0 0 / 0 0 0 0 0 0 0 0 0 0 0 0 0 0 0 / 0 0 0 0 0 0 0 0 \ 0 0 0 0 0 0 / 0 0 0 0
0 0 0 0 0 - - - - - - 0 0 0 0 0 0 0 0 0 0 - - - - - - 0 0 0 0 0 0 0 0 0 0 - - - - - - 0 0 0 0 0 0 0 0 0 0 - 0 0 0 0 - 0 0 0 0 0
0 0 0 0 0 _ _ _ _ _ _ 0 0 0 0 0 0 0 0 0 0 _ _ _ _ _ _ 0 0 0 0 0 0 0 0 0 0 _ _ _ _ _ _ 0 0 0 0 0 0 0 0 0 0 _ 0 0 0 0 _ 0 0 0 0 0
0 0 0 0 / 0 0 0 0 0 0 \ 0 0 0 0 0 0 0 0 / 0 0 0 0 0 0 0 0 0 0 0 0 0 0 0 / 0 0 0 0 0 0 \ 0 0 0 0 0 0 0 0 / 0 0 0 0 0 0 \ 0 0 0 0
0 0 0 / 0 0 0 0 0 0 0 0 \ 0 0 0 0 0 0 0 0 0 0 0 0 0 0 0 0 0 0 0 0 0 0 / 0 0 0 0 0 0 0 0 \ 0 0 0 0 0 0 / 0 0 0 0 0 0 0 0 \ 0 0 0
0 0 / 0 0 0 0 0 0 0 0 0 0 \ 0 0 0 0 0 0 0 0 0 0 0 0 0 0 0 0 0 0 0 0 / 0 0 0 0 0 0 0 0 0 0 \ 0 0 0 0 / 0 0 0 0 0 0 0 0 0 0 \ 0 0
0 / 0 0 0 0 0 0 0 0 0 0 0 0 \ 0 0 / 0 0 0 0 0 0 0 0 0 0 0 0 0 0 0 / 0 0 0 0 0 0 0 0 0 0 0 0 \ 0 0 / 0 0 0 0 0 0 0 0 0 0 0 0 \ 0
I 0 0 0 0 0 0 0 0 0 0 0 0 0 0 | I 0 0 0 0 0 0 0 0 0 0 0 0 0 0 | I 0 0 0 0 0 0 0 0 0 0 0 0 0 0 | I 0 0 0 0 0 0 0 0 0 0 0 0 0 0 |
I 0 0 0 0 0 0 0 0 0 0 0 0 0 0 | I 0 0 0 0 0 0 0 0 0 0 0 0 0 0 | I 0 0 0 0 0 0 0 0 0 0 0 0 0 0 | I 0 0 0 0 0 0 0 0 0 0 0 0 0 0 |
I 0 0 0 0 0 0 0 0 0 0 0 0 0 0 | I 0 0 0 0 0 0 0 0 0 0 0 0 0 0 | I 0 0 0 0 0 0 0 0 0 0 0 0 0 0 | I 0 0 0 0 0 0 0 0 0 0 0 0 0 0 |
I 0 0 0 0 0 0 0 0 0 0 0 0 0 0 | I 0 0 0 0 0 0 0 0 0 0 0 0 0 0 | I 0 0 0 0 0 0 0 0 0 0 0 0 0 0 | I 0 0 0 0 0 0 0 0 0 0 0 0 0 0 |
I 0 0 0 0 0 0 0 0 0 0 0 0 0 0 | I 0 0 0 0 0 0 0 0 0 0 0 0 0 0 | I 0 0 0 0 0 0 0 0 0 0 0 0 0 0 | I 0 0 0 0 0 0 0 0 0 0 0 0 0 0 |
I 0 0 0 0 0 0 0 0 0 0 0 0 0 0 | I 0 0 0 0 0 0 0 0 0 0 0 0 0 0 | I 0 0 0 0 0 0 0 0 0 0 0 0 0 0 | I 0 0 0 0 0 0 0 0 0 0 0 0 0 0 |
0 \ 0 0 0 0 0 0 0 0 0 0 0 0 / 0 0 \ 0 0 0 0 0 0 0 0 0 0 0 0 / 0 0 0 0 0 0 0 0 0 0 0 0 0 0 0 / 0 0 \ 0 0 0 0 0 0 0 0 0 0 0 0 / 0
0 0 \ 0 0 0 0 0 0 0 0 0 0 / 0 0 0 0 \ 0 0 0 0 0 0 0 0 0 0 / 0 0 0 0 0 0 0 0 0 0 0 0 0 0 0 / 0 0 0 0 \ 0 0 0 0 0 0 0 0 0 0 / 0 0
0 0 0 \ 0 0 0 0 0 0 0 0 / 0 0 0 0 0 0 \ 0 0 0 0 0 0 0 0 / 0 0 0 0 0 0 0 0 0 0 0 0 0 0 0 / 0 0 0 0 0 0 \ 0 0 0 0 0 0 0 0 / 0 0 0
0 0 0 0 \ 0 0 0 0 0 0 / 0 0 0 0 0 0 0 0 \ 0 0 0 0 0 0 / 0 0 0 0 0 0 0 0 0 0 W W W W 0 / 0 0 0 0 0 0 0 0 \ 0 0 0 0 0 0 / 0 0 0 0
0 0 0 0 0 - - - - - - 0 0 0 0 0 0 0 0 0 0 - - - - - - 0 0 0 0 0 0 0 0 0 0 0 0 0 0 0 0 0 0 0 0 0 0 0 0 0 0 0 0 0 0 0 0 0 0 0 0 0
0 0 0 0 0 _ _ _ _ _ _ 0 0 0 0 0 G 0 0 0 0 _ _ _ _ _ _ 0 0 0 0 0 0 0 0 0 0 0 W W W W 0 0 0 0 0 0 0 0 0 0 0 0 0 0 0 0 0 0 0 0 0 0
0 0 0 0 / 0 0 0 0 0 0 \ 0 0 0 0 0 0 0 0 0 0 0 0 0 0 0 0 0 0 0 0 0 0 0 0 / 0 0 0 0 0 0 \ 0 0 0 0 0 0 0 0 / 0 0 0 0 0 0 \ 0 0 0 0
0 0 0 / 0 0 0 0 0 0 0 0 \ 0 0 0 0 0 0 0 0 0 0 0 0 0 0 0 0 0 0 0 0 0 0 / 0 0 0 0 0 0 0 0 \ 0 0 0 0 0 0 / 0 0 0 0 0 0 0 0 \ 0 0 0
0 0 / 0 0 0 0 0 0 0 0 0 0 \ 0 0 0 0 0 0 0 0 0 0 0 0 0 0 0 0 0 0 0 0 / 0 0 0 0 0 0 0 0 0 0 \ 0 0 0 0 / 0 0 0 0 0 0 0 0 0 0 \ 0 0
0 / 0 0 0 0 0 0 0 0 0 0 0 0 \ 0 0 0 0 0 0 0 0 0 0 0 0 0 0 0 0 0 0 / 0 0 0 0 0 0 0 0 0 0 0 0 \ 0 0 / 0 0 0 0 0 0 0 0 0 0 0 0 \ 0
I 0 0 0 0 0 0 0 0 0 0 0 0 0 0 | I 0 0 0 0 0 0 0 0 0 0 0 0 0 0 | I 0 0 0 0 0 0 0 0 0 0 0 0 0 0 | I 0 0 0 0 0 0 0 0 0 0 0 0 0 0 |
I 0 0 0 0 0 0 0 0 0 0 0 0 0 0 | I 0 0 0 0 0 0 0 0 0 0 0 0 0 0 | I 0 0 0 0 0 0 0 0 0 0 0 0 0 0 0 0 0 0 0 0 0 0 0 0 0 0 0 0 0 0 |
I 0 0 0 0 0 0 0 0 0 0 0 0 0 0 | I 0 0 0 0 0 0 0 0 0 0 0 0 0 0 | I 0 0 0 0 0 0 0 0 0 0 0 0 0 0 0 0 0 0 0 0 0 0 0 0 0 0 0 0 0 0 |
I 0 0 0 0 0 0 0 0 0 0 0 0 0 0 | I 0 0 0 0 0 0 0 0 0 0 0 0 0 0 | I 0 0 0 0 0 0 0 0 0 0 0 0 0 0 0 0 0 0 0 0 0 0 0 0 0 0 0 0 0 0 |
I 0 0 0 0 0 0 0 0 0 0 0 0 0 0 | I 0 0 0 0 0 0 0 0 0 0 0 0 0 0 | I 0 0 0 0 0 0 0 0 0 0 0 0 0 0 0 0 0 0 0 0 0 0 0 0 0 0 0 0 0 0 |
I 0 0 0 0 0 0 0 0 0 0 0 0 0 0 | I 0 0 0 0 0 0 0 0 0 0 0 0 0 0 | I 0 0 0 0 0 0 0 0 0 0 0 0 0 0 0 0 0 0 0 0 0 0 0 0 0 0 0 0 0 0 |
0 \ 0 0 0 0 0 0 0 0 0 0 0 0 / 0 0 \ 0 0 0 0 0 0 0 0 0 0 0 0 / 0 0 \ 0 0 0 0 0 0 0 0 0 0 0 0 / 0 0 \ 0 0 0 0 0 0 0 0 0 0 0 0 / 0
0 0 \ 0 0 0 0 0 0 0 0 0 0 / 0 0 0 0 \ 0 0 0 0 0 0 0 0 0 0 / 0 0 0 0 \ 0 0 0 0 0 0 0 0 0 0 / 0 0 0 0 \ 0 0 0 0 0 0 0 0 0 0 / 0 0
0 0 0 \ 0 0 0 0 0 0 0 0 / 0 0 0 0 0 0 \ 0 0 0 0 0 0 0 0 / 0 0 0 0 0 0 \ 0 0 0 0 0 0 0 0 / 0 0 0 0 0 0 \ 0 0 0 0 0 0 0 0 / 0 0 0
0 0 0 0 \ 0 0 0 0 0 0 / 0 0 0 0 0 0 0 0 \ 0 0 0 0 0 0 / 0 0 0 0 0 0 0 0 \ 0 0 0 0 0 0 / 0 0 0 0 0 0 0 0 \ 0 0 0 0 0 0 / 0 0 0 0
0 0 0 0 0 - - - - - - 0 0 0 0 0 0 0 0 0 0 - - - - - - 0 0 0 0 0 0 0 0 0 0 - - - - - - 0 0 0 0 0 0 0 0 0 0 - - - - - - 0 0 0 0 0
END
0 0 0 0 0 _ _ _ _ _ _ _ _ _ _ 0 0 0 0 0 0 0 0 0 _ _ _ _ 0 0 0 0 0 0 0 0 0 0 0 0 0 0 0 0 0 0 0 0 0 0
0 0 0 0 / 0 0 0 0 0 0 0 0 0 0 \ 0 0 0 0 0 0 0 / 0 0 0 0 \ 0 0 0 0 0 0 0 0 0 0 0 0 0 0 0 0 0 0 0 0 0
0 0 0 / 0 0 0 0 0 0 0 0 0 0 0 0 \ 0 0 0 0 0 / 0 0 0 0 0 0 \ 0 0 0 0 0 0 0 0 0 0 0 0 0 0 0 0 0 0 0 0
0 0 I | 0 0 0 0 0 0 0 0 0 0 0 0 0 \ 0 0 0 / 0 0 0 0 0 0 0 0 \ 0 0 0 0 0 0 0 0 0 0 0 0 0 0 0 0 0 0 0
0 0 I | 0 0 0 0 0 _ _ _ 0 0 0 0 0 I | 0 I | 0 0 0 0 0 0 0 0 I | 0 0 0 0 0 0 0 0 0 0 0 0 0 _ _ _ 0 0
0 0 I | 0 0 0 0 / 0 0 0 \ 0 0 0 0 I | 0 I | 0 0 0 I | 0 0 0 I | 0 0 0 0 0 0 0 0 0 0 0 0 / 0 0 0 \ 0
0 0 I | 0 0 0 I | 0 0 0 I | 0 0 0 I | 0 I | 0 0 0 I | 0 0 0 I | 0 0 0 0 0 0 0 0 0 0 0 I | 0 0 0 I |
0 0 I | 0 0 0 I | 0 0 0 I | 0 0 0 I | 0 I | 0 0 0 I | 0 m 0 I | 0 0 0 0 0 0 0 0 0 0 0 I | 0 0 0 I |
0 0 I | 0 0 0 I | 0 0 0 I | 0 0 0 I | 0 I | 0 0 0 I | 0 0 0 I | 0 0 0 0 0 0 0 0 0 0 0 I | 0 0 0 I |
0 0 I | 0 0 0 I | 0 0 0 I | 0 0 0 I | 0 I | 0 0 0 I | 0 0 0 I | 0 0 0 0 0 0 0 0 0 0 0 I | 0 0 0 I |
0 0 I | 0 0 0 I | 0 0 0 I | 0 0 0 I | 0 I | 0 0 0 I | 0 0 0 I | 0 0 0 0 0 0 0 0 0 0 0 I | 0 0 0 I |
0 0 I | 0 0 0 I | 0 T 0 I | 0 0 0 I | 0 I | 0 0 0 I | 0 0 0 I | 0 0 0 0 0 0 0 0 0 0 0 I | 0 0 0 I |
0 0 I | 0 0 0 I | 0 0 0 I | 0 0 0 I | 0 I | 0 0 0 I | 0 m 0 I | 0 0 0 0 0 0 0 0 0 0 0 I | 0 T 0 I |
0 0 I | 0 0 0 I | 0 0 0 I | 0 0 0 I | 0 I | 0 0 0 I | 0 0 0 I | 0 0 0 0 0 0 0 0 0 0 0 I | 0 0 0 I |
0 0 I | 0 0 0 I | 0 0 0 I | 0 0 0 0 \ 0 / 0 0 0 0 I | 0 0 0 I | 0 0 0 0 0 0 0 0 0 0 0 I | 0 0 0 I |
0 0 I | 0 0 0 I | 0 0 0 I | 0 0 0 0 0 - 0 0 0 0 0 I | 0 0 0 I | 0 0 0 0 0 0 0 0 0 0 0 I | 0 0 0 I |
0 0 I | 0 0 0 I | 0 0 0 I | 0 0 0 0 0 0 0 0 0 0 0 I | 0 0 0 I | 0 0 0 0 0 0 0 0 0 0 0 I | 0 0 0 I |
0 0 I | 0 0 0 I | 0 0 0 0 \ 0 0 0 0 0 0 0 0 0 0 0 / 0 0 0 0 0 \ 0 0 0 0 0 0 0 0 0 0 0 / 0 0 0 0 I |
0 0 I | 0 0 0 I | 0 0 0 0 0 \ 0 0 0 0 0 0 0 0 0 / 0 0 0 0 0 0 0 \ 0 0 0 0 0 0 0 0 0 / 0 0 0 0 0 I |
0 0 I | 0 0 0 I | 0 0 0 0 0 0 \ 0 0 0 0 0 0 0 / 0 0 0 0 0 0 0 0 0 \ 0 0 0 0 0 0 0 / 0 0 0 0 0 0 I |
0 0 I | 0 0 0 I | 0 0 0 0 0 0 0 - - - - - - - 0 0 0 0 0 0 0 0 0 0 0 - - - - - - - 0 0 0 0 0 0 0 I |
0 0 I | 0 0 0 I | 0 0 0 0 0 0 0 0 0 0 0 0 0 0 0 0 0 0 0 0 0 0 0 0 0 0 0 0 0 0 0 0 0 0 0 0 0 0 0 I |
0 0 I | 0 0 0 I | 0 0 0 0 0 0 0 0 0 0 0 0 0 0 0 0 0 0 0 0 0 0 0 0 0 0 0 0 0 0 0 0 0 0 0 0 0 0 0 I |
0 0 I | 0 0 0 I | 0 0 0 0 0 0 0 0 0 0 0 0 0 0 0 0 0 0 0 0 0 0 0 0 0 0 0 0 0 0 0 0 0 0 0 0 0 0 0 I |
0 0 I | 0 0 0 0 \ _ _ _ _ _ _ _ _ _ _ _ _ _ 0 0 0 0 0 0 0 0 0 0 0 0 0 _ _ _ _ _ _ _ _ _ _ _ _ _ / 0
0 0 I | 0 0 0 0 0 - - - - - - - - - - - - - \ 0 0 0 0 0 0 0 0 0 0 0 / - - - - - - - - - - - - - 0 0
0 0 I | 0 0 0 0 0 0 0 0 0 0 0 0 0 0 0 0 0 0 0 \ 0 0 m 0 0 0 m 0 0 / 0 0 0 0 0 0 0 0 0 0 0 0 0 0 0 0
0 0 I | 0 0 0 0 0 0 0 0 0 0 0 0 0 0 0 0 0 0 0 I | 0 0 0 0 0 0 0 I | 0 0 0 0 0 0 0 0 0 0 0 0 0 0 0 0
0 0 I | 0 0 0 0 0 _ _ _ _ _ _ _ _ _ 0 0 0 0 0 I | 0 0 0 0 0 0 0 I | 0 0 0 0 0 0 0 0 0 0 0 0 0 0 0 0
0 0 I | 0 0 0 0 / 0 0 0 0 0 0 0 0 0 \ 0 0 0 0 I | 0 0 0 0 0 0 0 I | 0 0 0 0 0 0 0 0 0 0 0 0 0 0 0 0
0 0 I | 0 0 0 I | 0 0 0 0 0 0 0 0 0 0 | 0 0 0 I | 0 0 0 0 0 0 0 I | 0 0 0 0 0 0 0 0 0 0 0 0 0 0 0 0
0 0 I | 0 m 0 I | 0 0 0 0 0 0 0 0 0 0 | 0 m 0 I | 0 0 0 0 0 0 0 I | 0 0 0 0 0 0 0 0 0 0 0 0 0 0 0 0
0 0 I | 0 0 0 I | 0 0 0 0 0 0 0 0 0 0 | 0 0 0 I | 0 0 0 0 0 0 0 I | 0 0 0 0 0 0 0 0 0 0 0 0 0 0 0 0
0 0 I | 0 0 0 I | 0 0 0 0 0 0 0 0 0 0 | 0 0 0 I | 0 0 0 0 0 0 0 I | 0 0 0 0 0 0 0 0 0 0 0 0 0 0 0 0
0 0 I | 0 0 0 I | 0 0 0 0 0 0 0 0 0 0 | 0 0 0 I | 0 0 0 0 0 0 0 I | 0 0 0 0 0 0 0 0 0 0 0 0 0 0 0 0
0 0 I | 0 0 0 I | 0 0 0 0 0 0 0 0 0 0 | 0 0 0 I | 0 0 0 0 0 0 0 I | 0 0 0 0 0 0 0 0 0 0 0 0 0 0 0 0
0 0 I | 0 0 0 I | 0 0 0 0 0 0 0 0 0 0 | 0 0 0 I | 0 0 0 0 0 0 0 I | 0 0 0 0 0 0 0 0 0 0 0 0 0 0 0 0
0 0 I | 0 m 0 I | 0 0 0 0 0 0 0 0 0 0 | 0 m 0 I | 0 0 0 0 0 0 0 I | 0 0 0 0 0 0 0 0 0 0 0 0 0 0 0 0
0 0 I | 0 0 0 I | 0 0 0 0 0 0 0 0 0 0 | 0 0 0 I | 0 0 0 0 0 0 0 I | 0 0 0 0 0 0 0 0 0 0 0 0 0 0 0 0
0 0 I | 0 0 0 I | 0 0 0 0 0 0 0 0 0 0 | 0 0 0 I | 0 0 0 0 0 0 0 I | 0 0 0 0 0 0 0 0 0 0 0 0 0 0 0 0
0 0 I | 0 m 0 I | 0 0 0 0 0 0 0 0 0 0 | 0 m 0 I | 0 0 0 0 0 0 0 I | 0 0 0 0 0 0 0 0 0 0 0 0 0 0 0 0
0 0 I | 0 0 0 0 \ 0 0 0 0 0 0 0 0 0 / 0 0 0 0 I | 0 0 0 0 0 0 0 I | 0 0 0 0 0 0 0 0 0 0 0 0 0 0 0 0
0 0 I | 0 0 0 0 0 - - - - - - - - - 0 0 0 0 0 I | 0 0 0 G 0 0 0 I | 0 0 0 0 0 0 0 0 0 0 0 0 0 0 0 0
0 0 I | 0 0 0 0 0 0 0 0 0 0 0 0 0 0 0 0 < 0 0 I | 0 0 0 0 0 0 0 I | 0 0 0 0 0 0 0 0 0 0 0 0 0 0 0 0
0 0 0 \ 0 0 0 0 e 0 0 0 0 0 0 e 0 0 0 0 0 0 0 / 0 0 0 0 0 0 0 0 0 \ 0 0 0 0 0 0 0 0 0 0 0 0 0 0 0 0
0 0 0 0 \ 0 0 0 0 0 0 0 0 0 0 0 0 0 0 0 0 0 / 0 0 0 0 0 0 0 0 0 0 0 \ 0 0 0 0 0 0 0 0 0 0 0 0 0 0 0
0 0 0 0 0 \ _ _ _ _ _ _ _ _ _ _ _ _ _ _ _ / 0 0 0 0 0 0 0 0 0 0 0 0 0 \ 0 0 0 0 0 0 0 0 0 0 0 0 0 0
0 0 0 0 0 0 - - - - - - - - - - - - - - - 0 0 0 0 0 0 0 0 0 0 0 0 0 0 0 0 0 0 0 0 0 0 0 0 0 0 0 0 0
0 0 0 0 0 0 0 0 0 0 0 0 0 0 0 0 0 0 0 0 0 0 0 0 0 0 0 0 0 0 0 0 0 0 0 0 0 0 0 0 0 0 0 0 0 0 0 0 0 0
0 0 0 0 0 0 0 0 0 0 0 0 0 0 0 0 0 0 0 0 0 0 0 0 0 0 0 0 0 0 0 0 0 0 0 0 0 0 0 0 0 0 0 0 0 0 0 0 0 0
0 0 0 0 0 0 0 0 0 0 0 0 0 0 0 0 0 0 0 0 0 0 0 0 0 0 0 0 0 0 0 0 0 0 0 0 0 0 0 0 0 0 0 0 0 0 0 0 0 0
0 0 0 0 0 0 0 0 0 0 0 0 0 0 0 0 0 0 0 0 0 0 0 0 0 0 0 0 0 0 0 0 0 0 0 0 0 0 0 0 0 0 0 0 0 0 0 0 0 0
0 0 0 0 0 0 0 0 0 0 0 0 0 0 0 0 0 0 0 0 0 0 0 0 0 0 0 0 0 0 0 0 0 0 0 0 0 0 0 0 0 0 0 0 0 0 0 0 0 0
0 0 0 0 0 0 0 0 0 0 0 0 0 0 0 0 0 0 0 0 0 0 0 0 0 0 0 0 0 0 0 0 0 0 0 0 0 0 0 0 0 0 0 0 0 0 0 0 0 0
0 0 0 0 0 0 0 0 0 0 0 0 0 0 0 0 0 0 0 0 0 0 0 0 0 0 0 0 0 0 0 0 0 0 0 0 0 0 0 0 0 0 0 0 0 0 0 0 0 0
0 0 0 0 0 0 0 0 0 0 0 0 0 0 0 0 0 0 0 0 0 0 0 0 0 0 0 0 0 0 0 0 0 0 0 0 0 0 0 0 0 0 0 0 0 0 0 0 0 0
0 0 0 0 0 0 0 0 0 0 0 0 0 0 0 0 0 0 0 0 0 0 0 0 0 0 0 0 0 0 0 0 0 0 0 0 0 0 0 0 0 0 0 0 0 0 0 0 0 0
0 0 0 0 0 0 0 0 0 0 0 0 0 0 0 0 0 0 0 0 0 0 0 0 0 0 0 0 0 0 0 0 0 0 0 0 0 0 0 0 0 0 0 0 0 0 0 0 0 0
0 0 0 0 0 0 0 0 0 0 0 0 0 0 0 0 0 0 0 0 0 0 0 0 0 0 0 0 0 0 0 0 0 0 0 0 0 0 0 0 0 0 0 0 0 0 0 0 0 0
0 0 0 0 0 0 0 0 0 0 0 0 0 0 0 0 0 0 0 0 0 0 0 0 0 0 0 0 0 0 0 0 0 0 0 0 0 0 0 0 0 0 0 0 0 0 0 0 0 0
0 0 0 0 0 0 0 0 0 0 0 0 0 0 0 0 0 0 0 0 0 0 0 0 0 0 0 0 0 0 0 0 0 0 0 0 0 0 0 0 0 0 0 0 0 0 0 0 0 0
0 0 0 0 0 0 0 0 0 0 0 0 0 0 0 0 0 0 0 0 0 0 0 0 0 0 0 0 0 0 0 0 0 0 0 0 0 0 0 0 0 0 0 0 0 0 0 0 0 0
0 0 0 0 0 0 0 0 0 0 0 0 0 0 0 0 0 0 0 0 0 0 0 0 0 0 0 0 0 0 0 0 0 0 0 0 0 0 0 0 0 0 0 0 0 0 0 0 0 0
0 0 0 0 0 0 0 0 0 0 0 0 0 0 0 0 0 0 0 0 0 0 0 0 0 0 0 0 0 0 0 0 0 0 0 0 0 0 0 0 0 0 0 0 0 0 0 0 0 0
0 0 0 0 0 0 0 0 0 0 0 0 0 0 0 0 0 0 0 0 0 0 0 0 0 0 0 0 0 0 0 0 0 0 0 0 0 0 0 0 0 0 0 0 0 0 0 0 0 0
0 0 0 0 0 0 0 0 0 0 0 0 0 0 0 0 0 0 0 0 0 0 0 0 0 0 0 0 0 0 0 0 0 0 0 0 0 0 0 0 0 0 0 0 0 0 0 0 0 0
0 0 0 0 0 0 0 0 0 0 0 0 0 0 0 0 0 0 0 0 0 0 0 0 0 0 0 0 0 0 0 0 0 0 0 0 0 0 0 0 0 0 0 0 0 0 0 0 0 0
0 0 0 0 0 0 0 0 0 0 0 0 0 0 0 0 0 0 0 0 0 0 0 0 0 0 0 0 0 0 0 0 0 0 0 0 0 0 0 0 0 0 0 0 0 0 0 0 0 0
END
0 0 0 0 0 0 0 0 0 0 0 0 0 0 0 0 0 0 0 0 0 0 0 0 0 0 0 0 0 0 0 0 0 0 0 0 0 0 0 0 0 0 0
0 0 0 0 0 0 0 0 0 0 0 0 0 0 0 0 _ _ _ _ _ _ _ _ _ _ _ 0 0 0 0 0 0 0 0 0 0 0 0 0 0 0 0
0 0 0 0 0 0 0 0 0 0 0 0 0 0 0 0 0 0 0 0 0 0 0 0 0 0 0 \ 0 0 0 0 0 0 0 0 0 0 0 0 0 0 0
0 0 0 0 0 0 0 0 0 0 0 0 0 0 0 0 0 0 0 0 0 0 0 0 0 > 0 0 \ 0 0 0 0 0 0 0 0 0 0 0 0 0 0
0 0 0 0 0 0 0 0 0 0 0 0 0 0 0 0 0 0 0 0 0 0 0 0 0 0 0 0 0 \ 0 0 0 0 0 0 0 0 0 0 0 0 0
0 0 0 0 0 0 0 0 0 0 0 0 0 0 0 0 0 0 _ _ _ _ _ _ _ 0 0 0 0 0 \ 0 0 0 0 0 0 0 0 0 0 0 0
0 0 0 0 0 0 0 0 0 0 0 0 0 0 0 0 0 / 0 0 0 0 0 0 0 \ 0 0 0 0 0 \ 0 0 0 0 0 0 0 0 0 0 0
0 0 0 0 0 0 0 0 0 0 0 0 0 0 0 0 / 0 0 0 0 0 0 0 0 0 \ 0 0 0 0 0 \ 0 0 0 0 0 0 0 0 0 0
0 0 0 0 0 0 0 0 0 0 0 0 0 0 0 / 0 0 0 0 0 0 0 0 0 0 0 \ 0 0 0 0 0 \ 0 0 0 0 0 0 0 0 0
0 0 0 0 0 0 0 0 0 0 0 0 0 0 / 0 0 0 0 0 0 0 0 0 0 0 0 0 \ 0 0 0 0 0 \ 0 0 0 0 0 0 0 0
0 0 0 0 0 0 0 0 0 0 0 0 0 / 0 0 0 0 0 0 _ _ _ 0 0 0 0 0 0 \ 0 0 0 0 0 \ 0 0 0 0 0 0 0
0 0 0 0 0 0 0 0 0 0 0 0 / 0 0 0 0 0 0 / 0 0 0 \ 0 0 0 0 0 0 \ 0 0 0 0 0 \ 0 0 0 0 0 0
0 0 0 0 0 0 0 0 0 0 0 / 0 0 0 0 0 0 / 0 0 0 0 0 \ 0 0 0 0 0 0 \ 0 0 0 0 0 \ 0 0 0 0 0
0 0 0 0 0 0 0 0 0 0 / 0 0 0 0 0 0 / 0 0 0 0 0 0 0 \ 0 0 0 0 0 0 \ 0 0 0 0 0 \ 0 0 0 0
0 0 0 0 0 0 0 0 0 I 0 0 0 0 0 0 / 0 0 0 0 0 0 0 0 0 \ 0 0 0 0 0 0 \ 0 0 0 0 0 \ 0 0 0
0 0 0 0 0 0 0 0 0 I 0 0 0 0 0 / 0 0 0 0 0 0 0 0 0 0 0 \ 0 0 0 0 0 0 \ 0 0 0 0 0 | 0 0
0 0 0 0 0 0 0 0 0 I 0 0 0 0 I 0 0 0 0 0 I 0 0 0 0 0 0 0 \ 0 0 0 0 0 0 | 0 0 0 0 | 0 0
0 0 0 0 0 0 0 0 0 I 0 0 0 0 I 0 0 0 0 0 I 0 0 0 0 0 0 0 0 | 0 0 0 0 0 | 0 0 0 0 | 0 0
0 0 0 0 0 0 0 0 0 I 0 0 0 0 I 0 0 0 0 0 I 0 0 0 G 0 0 0 0 | 0 0 0 0 0 | 0 0 0 0 | 0 0
0 0 0 0 0 0 0 0 0 I 0 0 0 0 I 0 0 0 0 0 0 \ 0 0 0 0 0 0 / 0 0 0 0 0 0 | 0 0 0 0 | 0 0
0 0 0 0 0 0 0 0 0 I 0 0 0 0 0 \ 0 0 0 0 0 0 \ 0 0 0 0 / 0 0 0 0 0 0 / 0 0 0 0 0 | 0 0
0 0 0 0 0 0 0 0 0 I 0 0 0 0 0 0 \ 0 0 0 0 0 0 \ 0 0 / 0 0 0 0 0 0 / 0 0 0 0 0 0 | 0 0
0 0 0 0 0 0 0 0 0 0 \ 0 0 0 0 0 0 \ 0 0 0 0 0 0 - - 0 0 0 0 0 0 / 0 0 0 0 0 0 / 0 0 0
0 0 0 0 0 0 0 0 0 0 0 \ 0 0 0 0 0 0 \ 0 0 0 0 0 0 0 0 0 0 0 0 / 0 0 0 0 0 0 / 0 0 0 0
0 0 0 0 0 0 0 0 0 0 0 0 \ 0 0 0 0 0 0 \ 0 0 0 0 0 0 0 0 0 0 / 0 0 0 0 0 0 / 0 0 0 0 0
0 0 0 0 0 0 0 0 0 0 0 0 0 \ 0 0 0 0 0 0 \ 0 0 0 0 0 0 0 0 / 0 0 0 0 0 0 / 0 0 0 0 0 0
0 0 0 0 0 0 0 0 0 0 0 0 0 0 \ 0 0 0 0 0 0 \ 0 0 0 0 0 0 / 0 0 0 0 0 0 / 0 0 0 0 0 0 0
0 0 0 0 0 0 0 0 0 0 0 0 0 0 0 \ 0 0 0 0 0 0 \ 0 0 0 0 / 0 0 0 0 0 0 / 0 0 0 0 0 0 0 0
0 0 0 0 0 0 0 0 0 0 0 0 0 0 0 0 \ 0 0 0 0 0 0 - - - - 0 0 0 0 0 0 / 0 0 0 0 0 0 0 0 0
0 0 0 0 0 0 0 0 0 0 0 0 0 0 0 0 0 \ 0 0 0 0 0 0 0 0 0 0 0 0 0 0 / 0 0 0 0 0 0 0 0 0 0
0 0 0 0 0 0 0 0 0 0 0 0 0 0 0 0 0 0 \ 0 0 0 0 0 0 0 0 0 0 0 0 / 0 0 0 0 0 0 0 0 0 0 0
0 0 0 0 0 0 0 0 0 0 0 0 0 0 0 0 0 0 0 \ 0 0 0 0 0 0 0 0 0 0 / 0 0 0 0 0 0 0 0 0 0 0 0
0 0 0 0 0 0 0 0 0 0 0 0 0 0 0 0 0 0 0 0 \ 0 0 0 0 0 0 0 0 / 0 0 0 0 0 0 0 0 0 0 0 0 0
0 0 0 0 0 0 0 0 0 0 0 0 0 0 0 0 0 0 0 0 0 - - - - - - - - 0 0 0 0 0 0 0 0 0 0 0 0 0 0
0 0 0 0 0 0 0 0 0 0 0 0 0 0 0 0 0 0 0 0 0 0 0 0 0 0 0 0 0 0 0 0 0 0 0 0 0 0 0 0 0 0 0
0 0 0 0 0 0 0 0 0 0 0 0 0 0 0 0 0 0 0 0 0 0 0 0 0 0 0 0 0 0 0 0 0 0 0 0 0 0 0 0 0 0 0
0 0 0 0 0 0 0 0 0 0 0 0 0 0 0 0 0 0 0 0 0 0 0 0 0 0 0 0 0 0 0 0 0 0 0 0 0 0 0 0 0 0 0
END
