END
0 0 0 0 0 \ 0 0 0 0 0 0 / 0 0 0 0 0 0 0 0 0 0 0 0 0 0 0 0 0 0 \ 0 0 0 0 0 0
0 0 0 0 0 0 \ 0 0 0 0 / 0 0 0 0 0 0 0 0 0 0 0 0 0 0 0 0 0 0 0 0 \ 0 0 0 0 0
0 0 0 0 0 0 0 \ 0 0 / 0 0 0 B 0 0 0 0 0 0 0 0 0 0 0 0 0 0 0 0 0 0 \ 0 0 0 0
0 0 0 > 0 0 0 0 \ / 0 0 0 0 B 0 0 0 0 0 0 0 0 0 0 0 0 0 0 0 0 0 0 0 \ 0 0 0
\ 0 0 0 0 0 0 0 0 0 0 0 0 0 B 0 0 0 0 0 0 0 0 0 0 0 0 0 0 0 0 0 0 0 0 \ 0 0
0 \ 0 0 0 0 0 0 0 0 0 0 0 0 0 0 0 0 0 0 0 0 0 0 0 0 0 0 0 0 0 0 0 0 0 0 \ 0
0 0 \ 0 0 0 0 0 0 0 0 0 0 0 0 _ _ _ _ _ _ _ _ 0 0 0 0 0 0 0 0 0 0 0 0 0 0 \
0 0 0 \ 0 0 0 0 0 0 0 0 0 0 / 0 0 0 0 0 0 0 0 \ 0 0 0 0 0 0 0 0 0 0 0 0 0 0
0 0 0 0 \ 0 0 0 0 0 0 0 0 / 0 0 0 0 0 0 0 0 0 0 \ 0 0 0 0 0 0 0 0 0 0 0 0 0
0 0 0 0 0 \ 0 0 0 0 0 0 / 0 0 0 0 0 0 0 0 0 0 0 0 \ 0 0 0 0 0 0 0 0 0 0 0 0
0 0 0 0 0 0 \ 0 0 0 0 / 0 0 0 0 0 0 0 0 0 0 0 0 0 0 \ 0 0 0 0 0 0 0 0 0 0 0
0 0 0 0 0 0 0 \ 0 0 / 0 0 0 0 0 0 0 0 0 0 0 0 0 0 0 0 \ 0 0 0 0 0 0 0 0 0 0
0 0 0 0 0 0 0 0 \ / 0 0 0 0 0 0 0 0 0 0 0 0 0 0 0 0 0 0 \ 0 0 0 0 0 0 0 0 0
0 0 0 0 0 0 0 0 0 0 0 0 0 0 0 0 0 0 0 0 0 0 0 0 0 0 0 0 0 | 0 0 0 0 0 0 0 0
0 0 0 0 0 _ _ _ _ _ _ _ _ 0 0 0 0 0 0 0 0 0 0 0 0 0 0 0 0 | 0 0 0 0 0 0 0 0
0 0 0 0 / 0 0 0 0 0 0 0 0 \ 0 0 0 0 0 0 0 0 0 0 0 0 0 0 0 | 0 0 0 0 0 0 0 0
0 0 0 / 0 0 0 0 0 0 0 0 0 0 \ 0 0 0 0 0 0 0 0 0 0 0 0 0 0 | 0 0 0 0 0 0 0 0
0 0 / 0 0 0 0 0 0 0 0 0 0 0 0 \ 0 0 0 0 0 0 0 0 0 0 0 0 0 | 0 0 0 0 0 0 0 0
0 / 0 0 0 0 0 0 0 0 0 0 0 0 0 0 \ 0 0 0 0 0 0 0 0 0 0 0 / 0 0 0 0 0 0 0 0 0
I 0 0 0 0 0 0 0 0 0 0 0 0 0 0 0 0 \ 0 0 0 0 0 0 0 0 0 / 0 0 0 0 0 0 0 0 0 0
I 0 0 0 0 0 0 0 0 0 0 0 0 0 0 0 0 0 \ 0 0 0 0 0 0 0 / 0 0 0 0 0 0 0 0 0 0 0
I 0 0 0 0 0 0 0 0 0 0 0 0 0 0 0 0 0 0 - - - - - - - 0 0 0 0 0 0 0 0 0 0 0 /
I 0 0 0 0 0 0 _ _ _ _ 0 0 0 0 0 0 0 0 0 0 0 0 0 0 0 0 0 0 0 0 0 0 0 0 0 / 0
I 0 0 0 0 0 0 0 0 0 0 \ 0 0 0 0 0 0 0 0 0 0 0 0 0 0 0 0 0 0 0 0 0 0 0 / 0 0
I 0 0 0 0 0 0 0 0 0 0 0 \ 0 0 0 0 0 0 0 0 0 B 0 0 0 0 0 0 0 0 0 0 0 / 0 0 0
I 0 0 0 0 0 0 0 0 0 0 0 0 \ 0 0 0 0 0 0 0 0 B 0 0 0 0 0 0 0 0 0 0 / 0 0 0 0
I 0 0 0 0 0 0 0 0 0 0 0 0 0 \ 0 0 0 0 0 0 0 B 0 0 0 0 0 0 0 0 0 / 0 0 0 0 0
0 \ 0 0 0 0 0 0 0 0 0 0 0 0 0 \ 0 0 0 0 0 0 0 0 0 0 0 0 0 0 0 / 0 0 0 0 0 0
0 0 \ 0 0 0 0 0 0 0 0 0 0 0 0 0 \ 0 0 0 0 0 0 0 0 0 0 0 0 0 / 0 0 0 0 0 0 0
0 0 0 \ 0 0 0 0 0 0 0 0 0 0 0 0 0 - - - - - - - - - - - - - 0 0 0 0 0 0 0 0
0 0 0 0 \ 0 0 0 0 0 0 0 0 0 0 0 0 0 0 0 0 0 0 0 0 0 0 0 0 0 0 0 0 0 0 0 0 0
0 0 0 0 0 \ 0 0 0 0 0 0 0 0 0 0 0 0 0 0 0 0 0 0 0 0 0 0 0 0 0 0 0 0 0 0 0 0
0 0 0 0 0 0 \ 0 0 0 0 0 0 0 0 0 0 0 0 0 0 0 0 0 0 0 0 0 0 0 0 0 0 0 0 0 0 0
0 0 0 0 0 0 0 \ 0 0 0 0 0 0 0 0 0 0 0 0 0 0 0 0 0 0 0 0 0 0 0 0 0 0 0 0 0 0
0 0 0 0 0 0 0 0 \ 0 0 0 0 0 0 0 0 0 0 0 0 0 0 0 0 0 0 0 0 0 0 0 0 0 0 0 0 0
0 0 0 0 0 0 0 0 0 - - - - - - - - - - - - - - - - - - - 0 0 0 0 0 0 0 0 0 0
0 0 0 0 0 0 0 0 0 0 0 0 0 0 0 0 0 0 0 0 0 0 0 0 0 0 0 0 B 0 0 0 0 0 0 0 0 0
0 0 0 0 0 0 0 0 0 0 0 0 0 0 0 0 0 0 0 0 0 0 0 0 0 0 0 0 B 0 0 0 0 0 0 0 0 0
0 0 0 0 0 0 0 0 0 0 0 0 0 0 0 0 0 0 0 0 0 0 0 0 0 0 0 0 B 0 0 0 0 0 0 0 0 0
0 0 0 0 0 0 0 0 0 0 0 0 0 0 0 0 0 0 0 0 0 0 0 0 0 0 0 0 0 0 0 0 0 0 0 0 0 0
0 0 0 0 0 0 0 0 0 0 0 0 0 0 0 0 0 0 0 0 0 0 0 0 0 0 0 0 0 / 0 0 0 0 0 0 0 0
0 0 0 0 0 0 0 0 0 0 0 0 0 0 0 0 0 0 0 0 0 0 0 0 0 0 0 0 / 0 0 0 0 0 0 0 0 0
0 0 0 0 0 0 0 0 0 0 0 0 0 0 0 0 0 0 0 0 0 0 0 0 0 0 0 / 0 0 0 0 0 0 0 0 0 0
0 0 0 0 0 0 - - - - - - - - - - - - - - - - - - - - - 0 0 0 0 0 0 0 0 0 0 0
0 0 0 0 0 0 0 0 0 0 0 0 0 0 0 0 0 0 0 0 0 0 0 0 0 0 0 0 0 0 0 0 0 0 0 0 0 0
0 0 0 0 0 0 0 0 0 0 0 0 0 0 0 0 0 0 0 0 0 0 0 0 0 0 0 0 0 0 0 0 0 0 0 0 0 0
0 0 0 0 0 0 0 0 0 0 0 0 0 0 0 0 0 0 0 0 0 0 0 0 0 0 0 0 0 0 0 0 0 0 0 0 0 0
0 0 0 0 0 0 0 0 0 0 0 0 0 0 0 0 0 0 0 0 0 0 0 0 0 0 0 0 0 0 0 0 0 0 0 0 0 0
0 0 0 0 G 0 0 0 0 0 0 0 0 0 0 0 0 0 0 0 0 0 0 0 0 0 0 0 0 0 0 0 0 0 0 0 0 0
0 0 0 0 0 0 0 0 0 0 0 0 0 0 0 0 0 0 0 0 0 0 0 0 0 0 0 0 0 0 0 0 0 0 0 0 0 0
END
0 0 0 _ _ _ _ _ 0 0 0 0 0 0 0 0 0 0
0 0 / 0 0 0 0 0 \ 0 0 0 0 _ _ _ 0 0
0 / 0 0 0 0 0 0 0 \ 0 0 0 \ 0 0 0 0
- 0 0 0 _ _ _ 0 0 0 \ 0 0 0 \ 0 0 0
0 0 0 / 0 0 0 \ 0 M 0 \ 0 0 0 \ 0 0
0 0 / 0 0 0 0 0 \ 0 0 0 \ 0 0 0 \ 0
- - \ 0 0 0 0 0 / 0 M 0 / 0 0 0 0 \
0 0 0 \ 0 0 0 / 0 0 0 / 0 0 0 0 0 /
0 0 0 I - - - 0 M 0 / 0 0 0 0 0 / 0
0 0 0 I 0 0 0 0 0 / 0 0 0 0 0 / 0 0
0 0 0 I 0 0 0 0 / 0 0 0 0 0 / 0 G 0
0 0 0 I 0 M 0 - 0 0 M 0 0 / 0 0 0 0
0 0 0 I 0 0 0 0 0 0 0 0 / 0 0 0 0 0
0 0 0 0 \ 0 0 0 0 0 0 / 0 0 0 0 0 0
0 0 0 0 0 - - - - - - 0 0 0 0 0 0 0
0 0 0 0 0 0 0 0 0 0 0 0 0 0 0 0 0 0
END
0 0 _ _ 0 0
0 / 0 0 \ 0
I 0 0 0 0 |
I 0 0 0 0 |
0 \ 0 0 / 0
0 0 - - 0 0
END
0 0 0 0 0 _ _ _ _ _ _ 0 0 0 0 0
0 0 0 0 / 0 0 0 0 0 0 \ 0 0 0 0
0 0 0 / 0 0 0 0 0 0 0 0 \ 0 0 0
0 0 / 0 0 0 0 0 0 0 0 0 0 \ 0 0
0 / 0 0 0 0 0 0 0 0 0 0 0 0 \ 0
I 0 0 0 0 0 0 0 0 0 0 0 0 0 0 |
I 0 0 0 0 0 > 0 0 0 0 0 0 0 0 |
I 0 0 0 0 0 0 0 0 0 0 0 0 0 0 |
I 0 0 0 0 0 0 0 0 0 0 0 0 0 0 |
I 0 0 0 0 0 0 0 0 0 0 0 0 0 0 |
I 0 0 0 0 0 0 0 0 0 0 0 0 0 0 |
0 \ 0 0 0 0 0 0 0 0 0 0 0 0 / 0
0 0 \ 0 0 0 0 0 0 0 0 0 0 0 0 0
0 0 0 \ 0 0 0 0 0 0 0 0 0 0 0 0
0 0 0 0 \ 0 0 0 0 0 0 / 0 0 0 0
0 0 0 0 0 - - - - - - 0 0 0 0 0
END
0 0 0 / \ 0 0 0 0 0
0 0 / 0 \ \ 0 0 0 0
0 / 0 0 0 \ \ 0 0 0
/ 0 0 0 0 0 \ \ 0 0
\ 0 0 0 0 0 0 \ \ 0
0 \ 0 0 0 0 0 0 \ \
0 0 \ 0 0 0 0 0 0 /
0 0 0 \ 0 0 0 0 / 0
0 0 0 0 \ 0 0 / 0 0
0 0 0 0 0 \ / 0 0 0
END
0 0 0 0 0 0 0 0 0 0 0 0 0 0 0 0 0 0 0 0 0 0 0 0 0 0 0 0 0 0 0 0 0 0 0 0 0 0 0 0 0 0 0 0 0 0 0 0 0 0 0 0 0 0 0 0 0 0 0 0
0 0 0 0 0 0 0 0 0 0 0 0 0 0 0 0 0 0 0 0 0 0 0 0 0 0 0 0 / \ 0 0 0 0 0 0 0 0 0 0 0 0 0 0 0 0 0 0 0 0 0 0 0 0 0 0 0 0 0 0
0 0 0 0 0 0 0 0 0 0 0 0 0 0 0 0 0 0 0 0 0 0 0 0 0 0 0 / 0 0 \ 0 0 0 0 0 0 0 0 0 0 0 0 0 0 0 0 0 0 0 0 0 0 0 0 0 0 0 0 0
0 0 0 0 0 0 0 0 0 0 0 0 0 0 0 0 0 0 0 0 0 0 0 0 0 0 / 0 0 0 0 \ 0 0 0 0 0 0 0 0 0 0 0 0 0 0 0 0 0 0 0 0 0 0 0 0 0 0 0 0
0 0 0 0 0 0 0 0 0 0 0 0 0 0 0 0 0 0 0 0 0 0 0 0 0 / 0 0 0 0 0 0 \ 0 0 0 0 0 0 0 0 0 0 0 0 0 0 0 0 0 0 0 0 0 0 0 0 0 0 0
0 0 0 0 0 0 0 0 0 0 0 0 0 0 0 0 0 0 0 0 0 0 0 0 / \ 0 0 0 0 0 0 / \ 0 0 0 0 0 0 0 0 0 0 0 0 0 0 0 0 0 0 0 0 0 0 0 0 0 0
0 0 0 0 0 0 0 0 0 0 0 0 0 0 0 0 0 0 0 0 0 0 0 / 0 0 \ 0 0 0 0 / 0 0 \ 0 0 0 0 0 0 0 0 0 0 0 0 0 0 0 0 0 0 0 0 0 0 0 0 0
0 0 0 0 0 0 0 0 0 0 0 0 0 0 0 0 0 0 0 0 0 0 / 0 0 0 0 \ 0 0 / 0 0 0 0 \ 0 0 0 0 0 0 0 0 0 0 0 0 0 0 0 0 0 0 0 0 0 0 0 0
0 0 0 0 0 0 0 0 0 0 0 0 0 0 0 0 0 0 0 0 0 / 0 0 0 0 0 0 \ / 0 0 0 0 0 0 \ 0 0 0 0 0 0 0 0 0 0 0 0 0 0 0 0 0 0 0 0 0 0 0
0 0 0 0 0 0 0 0 0 0 0 0 0 0 0 0 0 0 0 0 / \ 0 0 0 0 0 0 / \ 0 0 0 0 0 0 / \ 0 0 0 0 0 0 0 0 0 0 0 0 0 0 0 0 0 0 0 0 0 0
0 0 0 0 0 0 0 0 0 0 0 0 0 0 0 0 0 0 0 / 0 0 \ 0 0 0 0 / 0 0 \ 0 0 0 0 / 0 0 \ 0 0 0 0 0 0 0 0 0 0 0 0 0 0 0 0 0 0 0 0 0
0 0 0 0 0 0 0 0 0 0 0 0 0 0 0 0 0 0 / 0 0 0 0 \ 0 0 / 0 0 0 0 \ 0 0 / 0 0 0 0 \ 0 0 0 0 0 0 0 0 0 0 0 0 0 0 0 0 0 0 0 0
0 0 0 0 0 0 0 0 0 0 0 0 0 0 0 0 0 / 0 0 0 0 0 0 \ / 0 0 0 0 0 0 \ / 0 0 0 0 0 0 \ 0 0 0 0 0 0 0 0 0 0 0 0 0 0 0 0 0 0 0
0 0 0 0 0 0 0 0 0 0 0 0 0 0 0 0 / \ 0 0 0 0 0 0 / \ 0 0 0 0 0 0 / \ 0 0 0 0 0 0 / \ 0 0 0 0 0 0 0 0 0 0 0 0 0 0 0 0 0 0
0 0 0 0 0 0 0 0 0 0 0 0 0 0 0 / 0 0 \ 0 0 0 0 / 0 0 \ 0 0 0 0 / 0 0 \ 0 0 0 0 / 0 0 \ 0 0 0 0 0 0 0 0 0 0 0 0 0 0 0 0 0
0 0 0 0 0 0 0 0 0 0 0 0 0 0 / 0 0 0 0 \ 0 0 / 0 0 0 0 \ 0 0 / 0 0 0 0 \ 0 0 / 0 0 0 0 \ 0 0 0 0 0 0 0 0 0 0 0 0 0 0 0 0
0 0 0 0 0 0 0 0 0 0 0 0 0 / 0 0 0 0 0 0 \ / 0 0 0 0 0 0 \ / 0 0 0 0 0 0 \ / 0 0 0 0 0 0 \ 0 0 0 0 0 0 0 0 0 0 0 0 0 0 0
0 0 0 0 0 0 0 0 0 0 0 0 / \ 0 0 0 0 0 0 / \ 0 0 0 0 0 0 / \ 0 0 0 0 0 0 / \ 0 0 0 0 0 0 / \ 0 0 0 0 0 0 0 0 0 0 0 0 0 0
0 0 0 0 0 0 0 0 0 0 0 / 0 0 \ 0 0 0 0 / 0 0 \ 0 0 0 0 / 0 0 \ 0 0 0 0 / 0 0 \ 0 0 0 0 / 0 0 \ 0 0 0 0 0 0 0 0 0 0 0 0 0
0 0 0 0 0 0 0 0 0 0 / 0 0 0 0 \ 0 0 / 0 0 0 0 \ 0 0 / 0 0 0 0 \ 0 0 / 0 0 0 0 \ 0 0 / 0 0 0 0 \ 0 0 0 0 0 0 0 0 0 0 0 0
0 0 0 0 0 0 0 0 0 / 0 0 0 0 0 0 \ / 0 0 0 0 0 0 \ / 0 0 0 0 0 0 \ / 0 0 0 > 0 0 \ / 0 0 0 0 0 0 \ 0 0 0 0 0 0 0 0 0 0 0
0 0 0 0 0 0 0 0 / \ 0 0 0 0 0 0 / \ 0 0 0 0 0 0 / \ 0 0 0 0 0 0 / \ 0 0 0 0 0 0 / \ 0 0 0 0 0 0 / \ 0 0 0 0 0 0 0 0 0 0
0 0 0 0 0 0 0 / 0 0 \ 0 0 0 0 / 0 0 \ 0 0 0 0 / 0 0 \ 0 0 0 0 / 0 0 \ 0 0 0 0 / 0 0 \ 0 0 0 0 / 0 0 \ 0 0 0 0 0 0 0 0 0
0 0 0 0 0 0 / 0 0 0 0 \ 0 0 / 0 0 0 0 \ 0 0 / 0 0 0 0 \ 0 0 / 0 0 0 0 \ 0 0 / 0 0 0 0 \ 0 0 / 0 0 0 0 \ 0 0 0 0 0 0 0 0
0 0 0 0 0 / 0 0 0 0 0 0 \ / 0 0 0 0 0 0 \ / 0 0 0 0 0 0 \ / 0 0 0 0 0 0 \ / 0 0 0 0 0 0 \ / 0 0 0 0 0 0 \ 0 0 0 0 0 0 0
0 0 0 0 / \ 0 0 0 0 0 0 / \ 0 0 0 0 0 0 / \ 0 0 0 0 0 0 / \ 0 0 0 0 0 0 / \ 0 0 0 0 0 0 / \ 0 0 0 0 0 0 / \ 0 0 0 0 0 0
0 0 0 / 0 0 \ 0 0 0 0 / 0 0 \ 0 0 0 0 / 0 0 \ 0 0 0 0 / 0 0 \ 0 0 0 0 / 0 0 \ 0 0 0 0 / 0 0 \ 0 0 0 0 / 0 0 \ 0 0 0 0 0
0 0 / 0 0 0 0 \ 0 0 / 0 0 0 0 \ 0 0 / 0 0 0 0 \ 0 0 / 0 0 0 0 \ 0 0 / 0 0 0 0 \ 0 0 / 0 0 0 0 \ 0 0 / 0 0 0 0 \ 0 0 0 0
0 / 0 0 0 0 0 0 \ / 0 0 0 0 0 0 \ / 0 0 0 0 0 0 \ / 0 0 0 0 0 0 \ / 0 0 0 0 0 0 \ / 0 0 0 0 0 0 \ / 0 0 0 0 0 0 \ 0 0 0
0 \ 0 0 0 0 0 0 / \ 0 0 0 0 0 0 / \ 0 0 0 0 0 0 / \ 0 0 0 0 0 0 / \ 0 0 0 0 0 0 / \ 0 0 0 0 0 0 / \ 0 0 0 0 0 0 / 0 0 0
0 0 \ 0 0 0 0 / 0 0 \ 0 0 0 0 / 0 0 \ 0 0 0 0 / 0 0 \ 0 0 0 0 / 0 0 \ 0 0 0 0 / 0 0 \ 0 0 0 0 / 0 0 \ 0 0 0 0 / 0 0 0 0
0 0 0 \ 0 0 / 0 0 0 0 \ 0 0 / 0 0 0 0 \ 0 0 / 0 0 0 0 \ 0 0 / 0 0 0 0 \ 0 0 / 0 0 0 0 \ 0 0 / 0 0 0 0 \ 0 0 / 0 0 0 0 0
0 0 0 0 \ / 0 0 0 0 0 0 \ / 0 0 0 0 0 0 \ / 0 0 0 0 0 0 \ / 0 0 0 0 0 0 \ / 0 0 0 0 0 0 \ / 0 0 0 0 0 0 \ / 0 0 0 0 0 0
0 0 0 0 0 \ 0 0 0 0 0 0 / \ 0 0 0 0 0 0 / \ 0 0 0 0 0 0 / \ 0 0 0 0 0 0 / \ 0 0 0 0 0 0 / \ 0 0 0 0 0 0 / 0 0 0 0 0 0 0
0 0 0 0 0 0 \ 0 0 0 0 / 0 0 \ 0 0 0 0 / 0 0 \ 0 0 0 0 / 0 0 \ 0 0 0 0 / 0 0 \ 0 0 0 0 / 0 0 \ 0 0 0 0 / 0 0 0 0 0 0 0 0
0 0 0 0 0 0 0 \ 0 0 / 0 0 0 0 \ 0 0 / 0 0 0 0 \ 0 0 / 0 0 0 0 \ 0 0 / 0 0 0 0 \ 0 0 / 0 0 0 0 \ 0 0 / 0 0 0 0 0 0 0 0 0
0 0 0 0 0 0 0 0 \ / 0 0 0 0 0 0 \ / 0 0 0 0 0 0 \ / 0 0 0 0 0 0 \ / 0 0 0 0 0 0 \ / 0 0 0 0 0 0 \ / 0 0 0 0 0 0 0 0 0 0
0 0 0 0 0 0 0 0 0 \ 0 0 0 0 0 0 / \ 0 0 0 0 0 0 / \ 0 0 0 0 0 0 / \ 0 0 0 0 0 0 / \ 0 0 0 0 0 0 / 0 0 0 0 0 0 0 0 0 0 0
0 0 0 0 0 0 0 0 0 0 \ 0 0 0 0 / 0 0 \ 0 0 0 0 / 0 0 \ 0 0 0 0 / 0 0 \ 0 0 0 0 / 0 0 \ 0 0 0 0 / 0 0 0 0 0 0 0 0 0 0 0 0
0 0 0 0 0 0 0 0 0 0 0 \ 0 0 / 0 0 0 0 \ 0 0 / 0 0 0 0 \ 0 0 / 0 0 0 0 \ 0 0 / 0 0 0 0 \ 0 0 / 0 0 0 0 0 0 0 0 0 0 0 0 0
0 0 0 0 0 0 0 0 0 0 0 0 \ / 0 0 0 0 0 0 \ / 0 0 0 0 0 0 \ / 0 0 0 0 0 0 \ / 0 0 0 0 0 0 \ / 0 0 0 0 0 0 0 0 0 0 0 0 0 0
0 0 0 0 0 0 0 0 0 0 0 0 0 \ 0 0 0 0 0 0 / \ 0 0 0 0 0 0 / \ 0 0 0 0 0 0 / \ 0 0 0 0 0 0 / 0 0 0 0 0 0 0 0 0 0 0 0 0 0 0
0 0 0 0 0 0 0 0 0 0 0 0 0 0 \ 0 0 0 0 / 0 0 \ 0 0 0 0 / 0 0 \ 0 0 0 0 / 0 0 \ 0 0 0 0 / 0 0 0 0 0 0 0 0 0 0 0 0 0 0 0 0
0 0 0 0 0 0 0 0 0 0 0 0 0 0 0 \ 0 0 / 0 0 0 0 \ 0 0 / 0 0 0 0 \ 0 0 / 0 0 0 0 \ 0 0 / 0 0 0 0 0 0 0 0 0 0 0 0 0 0 0 0 0
0 0 0 0 0 0 0 0 0 0 0 0 0 0 0 0 \ / 0 0 0 0 0 0 \ / 0 0 0 0 0 0 \ / 0 0 0 0 0 0 \ / 0 0 0 0 0 0 0 0 0 0 0 0 0 0 0 0 0 0
0 0 0 0 0 0 0 0 0 0 0 0 0 0 0 0 0 \ 0 0 0 0 0 0 / \ 0 0 0 0 0 0 / \ 0 0 0 0 0 0 / 0 0 0 0 0 0 0 0 0 0 0 0 0 0 0 0 0 0 0
0 0 0 0 0 0 0 0 0 0 0 0 0 0 0 0 0 0 \ 0 0 0 0 / 0 0 \ 0 0 0 0 / 0 0 \ 0 0 0 0 / 0 0 0 0 0 0 0 0 0 0 0 0 0 0 0 0 0 0 0 0
0 0 0 0 0 0 0 0 0 0 0 0 0 0 0 0 0 0 0 \ 0 0 / 0 0 0 0 \ 0 0 / 0 0 0 0 \ 0 0 / 0 0 0 0 0 0 0 0 0 0 0 0 0 0 0 0 0 0 0 0 0
0 0 0 0 0 0 0 0 0 0 0 0 0 0 0 0 0 0 0 0 \ / 0 0 0 0 0 0 \ / 0 0 0 0 0 0 \ / 0 0 0 0 0 0 0 0 0 0 0 0 0 0 0 0 0 0 0 0 0 0
0 0 0 0 0 0 0 0 0 0 0 0 0 0 0 0 0 0 0 0 0 \ 0 0 0 0 0 0 / \ 0 0 0 0 0 0 / 0 0 0 0 0 0 0 0 0 0 0 0 0 0 0 0 0 0 0 0 0 0 0
0 0 0 0 0 0 0 0 0 0 0 0 0 0 0 0 0 0 0 0 0 0 \ 0 0 0 0 / 0 0 \ 0 0 0 0 / 0 0 0 0 0 0 0 0 0 0 0 0 0 0 0 0 0 0 0 0 0 0 0 0
0 0 0 0 0 0 0 0 0 0 0 0 0 0 0 0 0 0 0 0 0 0 0 \ 0 0 / 0 0 0 0 \ 0 0 / 0 0 0 0 0 0 0 0 0 0 0 0 0 0 0 0 0 0 0 0 0 0 0 0 0
0 0 0 0 0 0 0 0 0 0 0 0 0 0 0 0 0 0 0 0 0 0 0 0 \ / 0 0 0 0 0 0 \ / 0 0 0 0 0 0 0 0 0 0 0 0 0 0 0 0 0 0 0 0 0 0 0 0 0 0
0 0 0 0 0 0 0 0 0 0 0 0 0 0 0 0 0 0 0 0 0 0 0 0 0 \ 0 0 0 0 0 0 / 0 0 0 0 0 0 0 0 0 0 0 0 0 0 0 0 0 0 0 0 0 0 0 0 0 0 0
0 0 0 0 0 0 0 0 0 0 0 0 0 0 0 0 0 0 0 0 0 0 0 0 0 0 \ 0 0 0 0 / 0 0 0 0 0 0 0 0 0 0 0 0 0 0 0 0 0 0 0 0 0 0 0 0 0 0 0 0
0 0 0 0 0 0 0 0 0 0 0 0 0 0 0 0 0 0 0 0 0 0 0 0 0 0 0 \ 0 0 / 0 0 0 0 0 0 0 0 0 0 0 0 0 0 0 0 0 0 0 0 0 0 0 0 0 0 0 0 0
0 0 0 0 0 0 0 0 0 0 0 0 0 0 0 0 0 0 0 0 0 0 0 0 0 0 0 0 \ / 0 0 0 0 0 0 0 0 0 0 0 0 0 0 0 0 0 0 0 0 0 0 0 0 0 0 0 0 0 0
END0
0 0 0 0 0 0 0 0 0 0 0 0 0 0 0 0 0 0 0 0 0 0 0 0 0 0 0 0 0 0 0 0 0 0 0 0 0 0 0 0 0 0 0 0 0 0 0 0 0 0 0 0 0 0 0 0 0 0 0 0
0 0 0 0 0 0 0 0 / \ 0 0 0 0 0 0 / \ 0 0 0 0 0 0 / \ 0 0 0 0 0 0 / \ 0 0 0 0 0 0 / \ 0 0 0 0 0 0 / \ 0 0 0 0 0 0 0 0 0 0
0 0 0 0 0 0 0 / 0 0 \ 0 0 0 0 / 0 0 \ 0 0 0 0 / 0 0 \ 0 0 0 0 / 0 0 \ 0 0 0 0 / 0 0 \ 0 0 0 0 / 0 0 \ 0 0 0 0 0 0 0 0 0
0 0 0 0 0 0 / 0 0 0 0 \ 0 0 / 0 0 0 0 \ 0 0 / 0 0 0 0 \ 0 0 / 0 0 0 0 \ 0 0 / 0 0 0 0 \ 0 0 / 0 0 0 0 \ 0 0 0 0 0 0 0 0
0 0 0 0 0 / 0 0 0 0 0 0 \ / 0 0 0 0 0 0 \ / 0 0 0 0 0 0 \ / 0 0 0 0 0 0 \ / 0 0 0 0 0 0 \ / 0 0 0 0 0 0 \ 0 0 0 0 0 0 0
0 0 0 0 / \ 0 0 0 0 0 0 / \ 0 0 0 0 0 0 / \ 0 0 0 0 0 0 / \ 0 0 0 0 0 0 / \ 0 0 0 0 0 0 / \ 0 0 0 0 0 0 / \ 0 0 0 0 0 0
0 0 0 / 0 0 \ 0 0 0 0 / 0 0 \ 0 0 0 0 / 0 0 \ 0 0 0 0 / 0 0 \ 0 0 0 0 / 0 0 \ 0 0 0 0 / 0 0 \ 0 0 0 0 / 0 0 \ 0 0 0 0 0
0 0 / 0 0 0 0 \ 0 0 / 0 0 0 0 \ 0 0 / 0 0 0 0 \ 0 0 / 0 0 0 0 \ 0 0 / 0 0 0 0 \ 0 0 / 0 0 0 0 \ 0 0 / 0 0 0 0 \ 0 0 0 0
0 / 0 0 0 0 0 0 \ / 0 0 0 0 0 0 \ / 0 0 0 0 0 0 \ / 0 0 0 0 0 0 \ / 0 0 0 0 0 0 \ / 0 0 0 0 0 0 \ / 0 0 0 0 0 0 \ 0 0 0
0 \ 0 0 0 0 0 0 / \ 0 0 0 0 0 0 / \ 0 0 0 0 0 0 / \ 0 0 0 0 0 0 / \ 0 0 0 0 0 0 / \ 0 0 0 0 0 0 / \ 0 0 0 0 0 0 / 0 0 0
0 0 \ 0 0 0 0 / 0 0 \ 0 0 0 0 / 0 0 \ 0 0 0 0 / 0 0 \ 0 0 0 0 / 0 0 \ 0 0 0 0 / 0 0 \ 0 0 0 0 / 0 0 \ 0 0 0 0 / 0 0 0 0
0 0 0 \ 0 0 / 0 0 0 0 \ 0 0 / 0 0 0 0 \ 0 0 / 0 0 0 0 \ 0 0 / 0 0 0 0 \ 0 0 / 0 0 0 0 \ 0 0 / 0 0 0 0 \ 0 0 / 0 0 0 0 0
0 0 0 0 \ / 0 0 0 0 0 0 \ / 0 0 0 0 0 0 \ / 0 0 0 0 0 0 \ / 0 0 0 0 0 0 \ / 0 0 0 0 0 0 \ / 0 0 0 0 0 0 \ / 0 0 0 0 0 0
0 0 0 0 / \ 0 0 0 0 0 0 / \ 0 0 0 0 0 0 / \ 0 0 0 0 0 0 / \ 0 0 0 0 0 0 / \ 0 0 0 0 0 0 / \ 0 0 0 0 0 0 / \ 0 0 0 0 0 0
0 0 0 / 0 0 \ 0 0 0 0 / 0 0 \ 0 0 0 0 / 0 0 \ 0 0 0 0 / 0 0 \ 0 0 0 0 / 0 0 \ 0 0 0 0 / 0 0 \ 0 0 0 0 / 0 0 \ 0 0 0 0 0
0 0 / 0 0 0 0 \ 0 0 / 0 0 0 0 \ 0 0 / 0 0 0 0 \ 0 0 / 0 0 0 0 \ 0 0 / 0 0 0 0 \ 0 0 / 0 0 0 0 \ 0 0 / 0 0 0 0 \ 0 0 0 0
0 / 0 0 0 0 0 0 \ / 0 0 0 0 0 0 \ / 0 0 0 0 0 0 \ / 0 0 0 0 0 0 \ / 0 0 0 0 0 0 \ / 0 0 0 0 0 0 \ / 0 0 0 0 0 0 \ 0 0 0
0 \ 0 0 0 0 0 0 / \ 0 0 0 0 0 0 / \ 0 0 0 0 0 0 / \ 0 0 0 0 0 0 / \ 0 0 0 0 0 0 / \ 0 0 0 0 0 0 / \ 0 0 0 0 0 0 / 0 0 0
0 0 \ 0 0 0 0 / 0 0 \ 0 0 0 0 / 0 0 \ 0 0 0 0 / 0 0 \ 0 0 0 0 / 0 0 \ 0 0 0 0 / 0 0 \ 0 0 0 0 / 0 0 \ 0 0 0 0 / 0 0 0 0
0 0 0 \ 0 0 / 0 0 0 0 \ 0 0 / 0 0 0 0 \ 0 0 / 0 0 0 0 \ 0 0 / 0 0 0 0 \ 0 0 / 0 0 0 0 \ 0 0 / 0 0 0 0 \ 0 0 / 0 0 0 0 0
0 0 0 0 \ / 0 0 0 0 0 0 \ / 0 0 0 0 0 0 \ / 0 0 0 0 0 0 \ / 0 0 0 0 0 0 \ / 0 0 0 0 0 0 \ / 0 0 0 0 0 0 \ / 0 0 0 0 0 0
0 0 0 0 / \ 0 0 0 0 0 0 / \ 0 0 0 0 0 0 / \ 0 0 0 0 0 0 / \ 0 0 0 0 0 0 / \ 0 0 0 0 0 0 / \ 0 0 0 0 0 0 / \ 0 0 0 0 0 0
0 0 0 / 0 0 \ 0 0 0 0 / 0 0 \ 0 0 0 0 / 0 0 \ 0 0 0 0 / 0 0 \ 0 0 0 0 / 0 0 \ 0 0 0 0 / 0 0 \ 0 0 0 0 / 0 0 \ 0 0 0 0 0
0 0 / 0 0 0 0 \ 0 0 / 0 0 0 0 \ 0 0 / 0 0 0 0 \ 0 0 / 0 0 0 0 \ 0 0 / 0 0 0 0 \ 0 0 / 0 0 0 0 \ 0 0 / 0 0 0 0 \ 0 0 0 0
0 / 0 0 0 0 0 0 \ / 0 0 0 0 0 0 \ / 0 0 0 0 0 0 \ / 0 0 0 0 0 0 \ / 0 0 0 0 0 0 \ / 0 0 0 0 0 0 \ / 0 0 0 0 0 0 \ 0 0 0
0 \ 0 0 0 0 0 0 / \ 0 0 0 0 0 0 / \ 0 0 0 0 0 0 / \ 0 0 0 0 0 0 / \ 0 0 0 0 0 0 / \ 0 0 0 0 0 0 / \ 0 0 0 0 0 0 / 0 0 0
0 0 \ 0 0 0 0 / 0 0 \ 0 0 0 0 / 0 0 \ 0 0 0 0 / 0 0 \ 0 0 0 0 / 0 0 \ 0 0 0 0 / 0 0 \ 0 0 0 0 / 0 0 \ 0 0 0 0 / 0 0 0 0
0 0 0 \ 0 0 / 0 0 0 0 \ 0 0 / 0 0 0 0 \ 0 0 / 0 0 0 0 \ 0 0 / 0 0 0 0 \ 0 0 / 0 0 0 0 \ 0 0 / 0 0 0 0 \ 0 0 / 0 0 0 0 0
0 0 0 0 \ / 0 0 0 0 0 0 \ / 0 0 0 0 0 0 \ / 0 0 0 0 0 0 \ / 0 0 0 0 0 0 \ / 0 0 0 0 0 0 \ / 0 0 0 0 0 0 \ / 0 0 0 0 0 0
0 0 0 0 0 \ 0 0 0 0 0 0 / \ 0 0 0 0 0 0 / \ 0 0 0 0 0 0 / \ 0 0 0 0 0 0 / \ 0 0 0 0 0 0 / \ 0 0 0 0 0 0 / 0 0 0 0 0 0 0
0 0 0 0 0 0 \ 0 0 0 0 / 0 0 \ 0 0 0 0 / 0 0 \ 0 0 0 0 / 0 0 \ 0 0 0 0 / 0 0 \ 0 0 0 0 / 0 0 \ 0 0 0 0 / 0 0 0 0 0 0 0 0
0 0 0 0 0 0 0 \ 0 0 / 0 0 0 0 \ 0 0 / 0 0 0 0 \ 0 0 / 0 0 0 0 \ 0 0 / 0 0 0 0 \ 0 0 / 0 0 0 0 \ 0 0 / 0 0 0 0 0 0 0 0 0
0 0 0 0 0 0 0 0 \ / 0 0 0 0 0 0 \ / 0 0 0 0 0 0 \ / 0 0 0 0 0 0 \ / 0 0 0 0 0 0 \ / 0 0 0 0 0 0 \ / 0 0 0 0 0 0 0 0 0 0
0 0 0 0 0 0 0 0 0 0 0 0 0 0 0 0 0 0 0 0 0 0 0 0 0 0 0 0 0 0 0 0 0 0 0 0 0 0 0 0 0 0 0 0 0 0 0 0 0 0 0 0 0 0 0 0 0 0 0 0
0 0 0 0 0 0 0 0 0 0 0 0 0 0 0 0 0 0 0 0 0 0 0 0 0 0 0 0 0 0 0 0 0 0 0 0 0 0 0 0 0 0 0 0 0 0 0 0 0 0 0 0 0 0 0 0 0 0 0 0
0 0 0 0 0 0 0 0 0 0 0 0 0 0 0 0 0 0 0 0 0 0 0 0 0 0 0 0 0 0 0 0 0 0 0 0 0 0 0 0 0 0 0 0 0 0 0 0 0 0 0 0 0 0 0 0 0 0 0 0
END0
0 0 0 0 / \ 0 0 0 0 0 0 0 0 0 0 0 0 0 0 / \ 0 0 0
0 0 0 / 0 0 \ 0 0 0 0 0 0 0 0 0 0 0 0 / 0 0 \ 0 0
0 0 / 0 0 0 0 \ 0 0 0 0 0 0 0 0 0 0 / 0 0 0 0 \ 0
0 / 0 0 > 0 0 0 \ 0 0 0 0 0 0 0 0 / 0 0 0 0 0 0 \
0 \ 0 0 0 0 0 0 0 \ 0 0 0 0 0 0 / 0 0 0 0 0 0 0 0
0 0 \ 0 0 0 0 0 0 0 \ 0 0 0 0 / 0 0 0 0 0 0 0 0 0
0 0 0 \ 0 0 0 0 0 0 0 \ 0 0 / 0 0 0 0 0 0 0 0 0 0
0 0 0 0 \ 0 0 0 0 0 0 0 \ / 0 0 0 0 0 0 0 0 0 0 0
0 0 0 0 / 0 0 0 0 0 0 0 / \ 0 0 0 0 0 0 0 \ 0 0 0
0 0 0 / 0 0 0 0 0 0 0 / 0 0 \ 0 0 0 0 0 0 0 \ 0 0
0 0 / 0 0 0 0 0 0 0 / 0 0 0 0 \ 0 0 0 0 0 0 0 \ 0
0 / 0 0 0 0 0 0 0 / 0 0 0 0 0 0 \ 0 0 0 0 0 0 0 \
0 \ 0 0 0 0 0 0 0 0 0 0 0 0 0 0 0 0 0 0 0 0 0 0 /
0 0 \ 0 0 0 0 0 0 0 0 0 0 0 0 0 0 0 0 0 0 0 0 / 0
0 0 0 \ 0 0 0 0 0 0 0 0 0 0 0 0 0 0 0 0 0 0 / 0 0
0 0 ~ 0 \ 0 0 0 0 0 0 0 0 0 0 0 0 0 0 0 0 / 0 0 0
0 0 0 0 0 \ 0 0 0 0 0 0 / \ 0 0 0 0 0 0 / 0 0 0 0
0 0 0 0 0 0 \ 0 0 0 0 / 0 0 \ 0 0 0 0 / 0 0 0 0 0
0 0 0 0 0 0 0 \ 0 0 / 0 0 0 0 \ 0 0 / 0 0 0 0 0 0
0 0 0 0 0 0 0 0 \ / 0 0 0 0 0 0 \ / 0 0 0 0 0 0 0
END0
0 0 0 0 0 0 0 / \ 0 0 0 0 / \ 0 0 0 0 / \ 0 0 0 0 / \ 0 0 0 0 / \ 0 0 0 0 / \ 0
0 0 0 0 0 0 0 \ / 0 0 0 0 \ / 0 0 0 0 \ / 0 0 0 0 \ / 0 0 0 0 \ / 0 0 0 0 \ / 0
0 0 0 0 0 0 0 0 0 0 0 0 0 0 0 0 0 0 0 0 0 0 0 0 0 0 0 0 0 0 0 0 0 0 0 0 0 0 0 0
0 0 0 0 / \ 0 0 0 0 / \ 0 0 0 0 / \ 0 0 0 0 / \ 0 0 0 0 / \ 0 0 0 0 / \ 0 0 0 0
0 0 0 0 \ / 0 0 0 0 \ / 0 0 0 0 \ / 0 0 0 0 \ / 0 0 0 0 \ / 0 0 0 0 \ / 0 0 0 0
0 0 0 0 0 0 0 0 0 0 0 0 0 0 0 0 0 0 0 0 0 0 0 0 0 0 0 0 0 0 0 0 0 0 0 0 0 0 0 0
0 0 0 0 0 0 0 / \ 0 0 0 0 / \ 0 0 0 0 / \ 0 0 0 0 / \ 0 0 0 0 / \ 0 0 0 0 / \ 0
0 0 0 0 0 0 0 \ / 0 0 0 0 \ / 0 0 0 0 \ / 0 0 0 0 \ / 0 0 0 0 \ / 0 0 0 0 \ / 0
0 0 0 0 0 0 0 0 0 0 0 0 0 0 0 0 0 0 0 0 0 0 0 0 0 0 0 0 0 0 0 0 0 0 0 0 0 0 0 0
0 0 0 0 / \ 0 0 0 0 / \ 0 0 0 0 / \ 0 0 0 0 / \ 0 0 0 0 / \ 0 0 0 0 / \ 0 0 0 0
0 0 0 0 \ / 0 0 0 0 \ / 0 0 0 0 \ / 0 0 0 0 \ / 0 0 0 0 \ / 0 0 0 0 \ / 0 0 0 0
0 0 0 0 0 0 0 0 0 0 0 0 0 0 0 0 0 0 0 0 0 0 0 0 0 0 0 0 0 0 0 0 0 0 0 0 0 0 0 0
0 0 0 0 0 0 0 / \ 0 0 0 0 / \ 0 0 0 0 / \ 0 0 0 0 / \ 0 0 0 0 / \ 0 0 0 0 / \ 0
0 0 0 0 0 0 0 \ / 0 0 0 0 \ / 0 0 0 0 \ / 0 0 0 0 \ / 0 0 0 0 \ / 0 0 0 0 \ / 0
0 0 0 0 0 0 0 0 0 0 0 0 0 0 0 0 0 0 0 0 0 0 0 0 0 0 0 0 0 0 0 0 0 0 0 0 0 0 0 0
0 0 0 0 / \ 0 0 0 0 / \ 0 0 0 0 / \ 0 0 0 0 / \ 0 0 0 0 / \ 0 0 0 0 / \ 0 0 0 0
0 0 0 0 \ / 0 0 0 0 \ / 0 0 0 0 \ / 0 0 0 0 \ / 0 0 0 0 \ / 0 0 0 0 \ / 0 0 0 0
0 0 0 0 0 0 0 0 0 0 0 0 0 0 0 0 0 0 0 0 0 0 0 0 0 0 0 0 0 0 0 0 0 0 0 0 0 0 0 0
0 0 0 0 0 0 0 / \ 0 0 0 0 / \ 0 0 0 0 / \ 0 0 0 0 / \ 0 0 0 0 / \ 0 0 0 0 / \ 0
0 0 0 0 0 0 0 \ / 0 0 0 0 \ / 0 0 0 0 \ / 0 0 0 0 \ / 0 0 0 0 \ / 0 0 0 0 \ / 0
0 0 0 0 0 0 0 0 0 0 0 0 0 0 0 0 0 0 0 0 0 0 0 0 0 0 0 0 0 0 0 0 0 0 0 0 0 0 0 0
0 0 0 0 / \ 0 0 0 0 / \ 0 0 0 0 / \ 0 0 0 0 / \ 0 0 0 0 / \ 0 0 0 0 / \ 0 0 0 0
0 0 0 0 \ / 0 0 0 0 \ / 0 0 0 0 \ / 0 0 0 0 \ / 0 0 0 0 \ / 0 0 0 0 \ / 0 0 0 0
END0
0 0 _ _ 0 0 0 0 0 0 _ _ 0 0 0 0 0 0 _ _ 0 0 0 0 0 0 _ _ 0 0 0 0 0 0 _ _ 0 0 0 0 0
0 / 0 0 \ 0 0 0 0 / 0 0 \ 0 0 0 0 / 0 0 \ 0 0 0 0 / 0 0 \ 0 0 0 0 / 0 0 \ 0 0 0 0
I 0 0 0 0 | 0 0 I 0 0 0 0 | 0 0 I 0 0 0 0 | 0 0 I 0 0 0 0 | 0 0 I 0 0 0 0 | 0 0 0
I 0 0 0 0 | 0 0 I 0 0 0 0 | 0 0 I 0 0 0 0 | 0 0 I 0 0 0 0 | 0 0 I 0 0 0 0 | 0 0 0
0 \ 0 0 / 0 0 0 0 \ 0 0 / 0 0 0 0 \ 0 0 / 0 0 0 0 \ 0 0 / 0 0 0 0 \ 0 0 / 0 0 0 0
0 0 - - 0 0 0 0 0 0 - - 0 0 0 0 0 0 - - 0 0 0 0 0 0 - - 0 0 0 0 0 0 - - 0 0 0 0 0
0 0 0 0 0 0 0 0 0 0 0 0 0 0 0 0 0 0 0 0 0 0 0 0 0 0 0 0 0 0 0 0 0 0 0 0 0 0 0 0 0
0 0 0 0 0 0 0 0 0 0 0 0 0 0 0 0 0 0 0 0 0 0 0 0 0 0 0 0 0 0 0 0 0 0 0 0 0 0 0 0 0
0 0 _ _ 0 0 0 0 0 0 _ _ 0 0 0 0 0 0 _ _ 0 0 0 0 0 0 _ _ 0 0 0 0 0 0 _ _ 0 0 0 0 0
0 / 0 0 \ 0 0 0 0 / 0 0 \ 0 0 0 0 / 0 0 \ 0 0 0 0 / 0 0 \ 0 0 0 0 / 0 0 \ 0 0 0 0
I 0 0 0 0 | 0 0 I 0 0 0 0 | 0 0 I 0 0 0 0 | 0 0 I 0 0 0 0 | 0 0 I 0 0 0 0 | 0 0 0
I 0 0 0 0 | 0 0 I 0 0 0 0 | 0 0 I 0 0 0 0 | 0 0 I 0 0 0 0 | 0 0 I 0 0 0 0 | 0 0 0
0 \ 0 0 / 0 0 0 0 \ 0 0 / 0 0 0 0 \ 0 0 / 0 0 0 0 \ 0 0 / 0 0 0 0 \ 0 0 / 0 0 0 0
0 0 - - 0 0 0 0 0 0 - - 0 0 0 0 0 0 - - 0 0 0 0 0 0 - - 0 0 0 0 0 0 - - 0 0 0 0 0
0 0 0 0 0 0 0 0 0 0 0 0 0 0 0 0 0 0 0 0 0 0 0 0 0 0 0 0 0 0 0 0 0 0 0 0 0 0 0 0 0
0 0 0 0 0 0 0 0 0 0 0 0 0 0 0 0 0 0 0 0 0 0 0 0 0 0 0 0 0 0 0 0 0 0 0 0 0 0 0 0 0
0 0 _ _ 0 0 0 0 0 0 _ _ 0 0 0 0 0 0 _ _ 0 0 0 0 0 0 _ _ 0 0 0 0 0 0 _ _ 0 0 0 0 0
0 / 0 0 \ 0 0 0 0 / 0 0 \ 0 0 0 0 / 0 0 \ 0 0 0 0 / 0 0 \ 0 0 0 0 / 0 0 \ 0 0 0 0
I 0 0 0 0 | 0 0 I 0 0 0 0 | 0 0 I 0 0 0 0 | 0 0 I 0 0 0 0 | 0 0 I 0 0 0 0 | 0 0 0
I 0 0 0 0 | 0 0 I 0 0 0 0 | 0 0 I 0 0 0 0 | 0 0 I 0 0 0 0 | 0 0 I 0 0 0 0 | 0 0 0
0 \ 0 0 / 0 0 0 0 \ 0 0 / 0 0 0 0 \ 0 0 / 0 0 0 0 \ 0 0 / 0 0 0 0 \ 0 0 / 0 0 0 0
0 0 - - 0 0 0 0 0 0 - - 0 0 0 0 0 0 - - 0 0 0 0 0 0 - - 0 0 0 0 0 0 - - 0 0 0 0 0
0 0 0 0 0 0 0 0 0 0 0 0 0 0 0 0 0 0 0 0 0 0 0 0 0 0 0 0 0 0 0 0 0 0 0 0 0 0 0 0 0
0 0 0 0 0 0 0 0 0 0 0 0 0 0 0 0 0 0 0 0 0 0 0 0 0 0 0 0 0 0 0 0 0 0 0 0 0 0 0 0 0
0 0 _ _ 0 0 0 0 0 0 _ _ 0 0 0 0 0 0 _ _ 0 0 0 0 0 0 _ _ 0 0 0 0 0 0 _ _ 0 0 0 0 0
0 / 0 0 \ 0 0 0 0 / 0 0 \ 0 0 0 0 / 0 0 \ 0 0 0 0 / 0 0 \ 0 0 0 0 / 0 0 \ 0 0 0 0
I 0 0 0 0 | 0 0 I 0 0 0 0 | 0 0 I 0 0 0 0 | 0 0 I 0 0 0 0 | 0 0 I 0 0 0 0 | 0 0 0
I 0 0 0 0 | 0 0 I 0 0 0 0 | 0 0 I 0 0 0 0 | 0 0 I 0 0 0 0 | 0 0 I 0 0 0 0 | 0 0 0
0 \ 0 0 / 0 0 0 0 \ 0 0 / 0 0 0 0 \ 0 0 / 0 0 0 0 \ 0 0 / 0 0 0 0 \ 0 0 / 0 0 0 0
0 0 - - 0 0 0 0 0 0 - - 0 0 0 0 0 0 - - 0 0 0 0 0 0 - - 0 0 0 0 0 0 - - 0 0 0 0 0
END0
0 0 0 0 _ _ _ _ _ 0 0 0 0 0 0 _ _ _ _ _ 0 0 0 0 0 0 _ _ _ _ _ 0 0 0 0
0 0 0 / 0 0 0 0 0 \ 0 0 0 0 / 0 0 0 0 0 \ 0 0 0 0 / 0 0 0 0 0 \ 0 0 0
0 0 / 0 0 0 0 0 0 0 \ 0 0 / 0 0 0 0 0 0 0 \ 0 0 / 0 0 0 0 0 0 0 \ 0 0
0 / 0 0 0 0 0 0 0 0 0 \ / 0 0 0 0 0 0 0 0 0 \ / 0 0 0 0 0 0 0 0 0 \ 0
I 0 0 0 0 0 0 0 0 0 0 I | 0 0 0 0 0 0 0 0 0 I | 0 0 0 0 0 0 0 0 0 0 |
I 0 0 0 0 0 > 0 0 0 0 I | 0 0 0 0 0 0 0 0 0 I | 0 0 0 0 0 0 0 0 0 0 |
I 0 0 0 0 0 0 0 0 0 0 I | 0 0 0 0 0 0 0 0 0 I | 0 0 0 0 0 0 0 0 0 0 |
I 0 0 0 0 0 0 0 0 0 0 I | 0 0 0 0 0 0 0 0 0 I | 0 0 0 0 0 0 0 0 0 0 |
I 0 0 0 0 0 0 0 0 0 0 I | 0 0 0 0 0 0 0 0 0 I | 0 0 0 0 0 0 0 0 0 0 |
0 \ 0 0 0 0 0 0 0 0 0 / \ 0 0 0 0 0 0 0 0 0 / \ 0 0 0 0 0 0 0 0 0 / 0
0 0 \ 0 0 0 0 0 0 0 / 0 0 \ 0 0 0 0 0 0 0 / 0 0 \ 0 0 0 0 0 0 0 / 0 0
0 0 0 \ 0 0 0 0 0 / 0 0 0 0 \ 0 0 0 0 0 / 0 0 0 0 \ 0 0 0 0 0 / 0 0 0
0 0 0 / - - - - - \ 0 0 0 0 / - - - - - \ 0 0 0 0 / - - - - - \ 0 0 0
0 0 / 0 0 0 0 0 0 0 \ 0 0 / 0 0 0 0 0 0 0 \ 0 0 / 0 0 0 0 0 0 0 \ 0 0
0 / 0 0 0 0 0 0 0 0 0 \ / 0 0 0 0 0 0 0 0 0 \ / 0 0 0 0 0 0 0 0 0 \ 0
I 0 0 0 0 0 0 0 0 0 0 I | 0 0 0 0 0 0 0 0 0 I | 0 0 0 0 0 0 0 0 0 0 |
I 0 0 0 0 0 0 0 0 0 0 I | 0 0 0 0 0 0 0 0 0 I | 0 0 0 0 0 0 0 0 0 0 |
I 0 0 0 0 0 0 0 0 0 0 I | 0 0 0 0 0 0 0 0 0 I | 0 0 0 0 0 0 0 0 0 0 |
I 0 0 0 0 0 0 0 0 0 0 I | 0 0 0 0 0 0 0 0 0 I | 0 0 0 0 0 0 0 0 0 0 |
I 0 0 0 0 0 0 0 0 0 0 I | 0 0 0 0 0 0 0 0 0 I | 0 0 0 0 0 0 0 0 0 0 |
0 \ 0 0 0 0 0 0 0 0 0 / \ 0 0 0 0 0 0 0 0 0 / \ 0 0 0 0 0 0 0 0 0 / 0
0 0 \ 0 0 0 0 0 0 0 / 0 0 \ 0 0 0 0 0 0 0 / 0 0 \ 0 0 0 0 0 0 0 / 0 0
0 0 0 \ _ _ _ _ _ / 0 0 0 0 \ _ _ _ _ _ / 0 0 0 0 \ _ _ _ _ _ / 0 0 0
END0
0 0 / 0 0 0 0 0 0 _ _ 0 I | 0 0 0 I | 0 0
0 / _ _ 0 0 0 0 / 0 0 \ I | 0 0 0 I | 0 0
/ - - - \ 0 0 / 0 0 0 0 \ | 0 0 0 I | 0 0
| 0 0 0 I | / 0 0 0 0 0 0 0 0 0 0 I | 0 0
| 0 T 0 I / 0 0 0 0 0 0 0 0 0 0 0 I | 0 0
| 0 0 0 I | 0 0 0 0 0 0 0 0 0 0 0 I \ 0 0
| 0 0 0 I | 0 0 0 I | 0 0 0 0 0 0 0 \ \ 0
| 0 0 0 I | 0 0 0 I | 0 0 0 0 0 0 0 0 \ |
| 0 0 0 I | 0 0 0 I \ 0 0 0 0 0 0 0 0 I |
| 0 0 0 I | 0 0 0 0 \ \ 0 0 0 0 0 0 0 / |
| 0 0 0 I | 0 0 0 0 0 \ \ 0 0 0 0 0 / / 0
| 0 0 0 0 \ 0 0 0 0 0 0 \ | 0 0 0 I / 0 0
| 0 0 0 0 0 \ 0 0 0 0 0 I | 0 n 0 I | 0 0
| 0 0 0 0 0 0 \ 0 0 0 0 I | 0 M 0 I | 0 0
| 0 0 0 0 0 0 0 0 0 0 0 I | 0 0 0 I | 0 0
| 0 0 0 0 0 0 0 0 0 0 0 I | 0 0 0 I | 0 /
| 0 0 0 0 0 0 0 0 0 0 0 / 0 0 0 0 I | / 0
| 0 0 0 \ 0 0 0 0 0 0 / 0 0 0 0 0 I / 0 0
| 0 0 0 0 \ 0 0 0 0 / 0 0 0 0 0 0 / 0 0 0
| 0 0 0 0 0 - - - - 0 0 0 0 0 0 / 0 0 0 0
\ 0 0 0 0 0 0 0 0 0 0 0 0 0 0 / 0 0 0 0 0
0 \ 0 0 0 0 0 0 0 0 0 0 0 0 / 0 0 0 0 0 0
0 0 \ 0 0 0 0 0 0 0 0 0 0 / 0 0 0 0 0 0 0
0 0 0 \ 0 0 0 0 0 0 0 0 / 0 0 0 0 0 0 0 /
0 0 0 0 - - - - - - - - 0 0 0 0 0 0 0 / 0
END0
