0 0 0 0 0 0 0 0 0 0 _ _ _ _ _ _ _ _ _ _ _ _ _ _ _ _ _ _ 0 0 0 0 0 0 0 0 0 0 0 0 0 0 0 0 0 0 0 0 0
0 0 0 0 0 0 0 0 0 / 0 0 0 0 0 0 0 0 0 0 0 0 0 0 0 0 0 0 \ 0 0 0 0 0 0 0 0 0 0 0 0 0 0 0 0 0 0 0 0
0 0 0 0 0 0 0 0 / 0 0 0 0 0 0 0 0 0 E 0 0 0 0 0 0 0 0 0 0 \ 0 0 0 0 0 0 0 0 0 0 0 0 0 0 0 0 0 0 0
0 0 0 0 0 0 0 / 0 0 0 0 0 0 0 0 0 0 0 0 0 0 0 0 0 0 0 0 0 0 \ 0 0 0 0 0 0 0 0 0 0 0 0 0 0 0 0 0 0
0 0 0 0 0 0 / 0 0 0 0 0 0 0 0 0 0 0 E 0 0 0 0 0 0 0 0 0 0 0 0 \ 0 0 0 0 0 0 0 0 0 0 0 0 0 0 0 0 0
0 0 0 0 0 / 0 0 0 0 0 0 0 _ _ _ _ _ _ _ _ _ _ _ _ _ 0 0 0 0 0 I | 0 0 0 0 0 0 0 0 0 0 0 0 0 0 0 0
0 0 0 0 / 0 0 0 0 0 0 0 / 0 0 0 0 0 0 0 0 0 0 0 0 0 \ 0 0 0 0 I | 0 0 0 0 0 0 0 0 0 0 0 0 0 0 0 0
0 0 0 / 0 0 0 0 0 0 0 / 0 0 _ _ _ _ _ _ _ _ _ 0 0 0 0 \ 0 0 0 I | 0 0 0 0 0 0 0 0 0 0 0 0 0 0 0 0
0 0 / 0 0 0 0 0 0 0 / 0 0 / 0 0 0 0 0 0 0 0 0 \ 0 0 0 0 | 0 0 I | 0 0 0 0 0 0 0 0 0 0 0 0 0 0 0 0
0 / 0 0 0 0 0 0 0 / 0 0 / 0 0 0 0 0 0 0 0 G 0 0 | 0 0 0 | 0 0 I | 0 0 0 0 0 0 0 0 0 0 0 0 0 0 0 0
I 0 0 0 0 0 0 0 / 0 0 / 0 0 0 0 0 _ _ _ _ _ _ / _ _ _ / 0 0 0 0 \ _ _ _ _ _ _ _ _ _ _ _ 0 0 0 0 0
I 0 0 0 0 0 0 I 0 0 / 0 0 0 0 0 / - - - - - - - - - - 0 0 0 0 0 0 - - - - - - - - - - - \ 0 0 0 0
I 0 0 0 0 0 0 I 0 I 0 0 0 0 0 / 0 0 0 0 0 0 0 0 0 0 0 0 0 0 0 0 0 0 0 0 0 0 0 0 0 0 0 0 0 \ 0 0 0
I 0 0 0 0 0 0 I 0 I 0 0 0 0 / 0 0 0 0 0 0 0 0 0 0 0 0 0 0 0 0 0 0 0 0 0 0 0 0 0 0 0 0 0 0 0 \ 0 0
I 0 0 0 0 0 0 I 0 I 0 0 0 I | 0 0 0 0 0 _ _ _ 0 0 0 V 0 0 0 0 0 0 0 0 0 0 0 0 0 0 0 0 0 0 0 0 \ 0
I 0 0 0 0 0 0 I 0 I 0 0 0 I | 0 0 0 0 / 0 0 0 \ 0 0 0 0 0 0 0 0 0 _ _ _ _ _ _ _ _ _ 0 0 0 0 0 0 |
I 0 0 0 0 0 0 I 0 I 0 0 0 I | 0 0 0 I | 0 0 0 0 | 0 0 0 | 0 0 0 / 0 0 0 0 0 0 0 0 0 \ 0 0 0 0 0 |
I 0 0 0 0 0 0 I 0 I 0 0 0 I | 0 0 0 I | 0 0 0 0 | 0 0 0 | 0 0 I | 0 0 0 0 0 0 0 0 0 0 | 0 0 0 0 |
I 0 0 0 0 0 0 I 0 I 0 0 0 I | 0 0 0 I | 0 0 0 0 | 0 0 0 | 0 0 I | 0 0 0 0 0 0 0 0 0 0 | 0 0 0 0 |
I 0 m 0 m m 0 I 0 I 0 m m I | 0 m 0 I | 0 0 0 0 | 0 0 0 | m m I | 0 0 0 0 0 0 0 0 0 0 | 0 0 0 0 |
I 0 0 0 0 0 0 I 0 I 0 0 0 I | 0 0 0 I | 0 0 0 0 | 0 0 0 | 0 0 I | 0 0 0 0 0 0 0 0 0 0 | 0 0 0 0 |
I 0 0 0 0 0 0 I 0 I 0 0 0 I | 0 0 0 I | 0 0 0 0 | 0 0 0 | 0 0 I | 0 0 0 0 0 0 0 0 0 0 | 0 0 0 0 |
I 0 0 0 0 0 0 I 0 I 0 0 0 I | 0 0 0 I | 0 0 0 0 | 0 0 0 | 0 0 I | 0 0 0 0 0 0 0 0 0 0 | 0 0 0 0 |
I 0 0 0 0 0 0 I 0 I 0 0 0 I | 0 0 0 0 \ 0 0 0 / 0 0 0 0 | 0 0 I | 0 0 0 0 0 0 0 0 0 0 | 0 0 0 0 |
I 0 0 0 0 0 0 I 0 I 0 0 0 I | 0 0 0 0 0 - - - 0 0 0 0 0 | 0 0 I | 0 0 0 0 0 0 0 0 0 0 | 0 0 0 0 |
I 0 0 0 0 0 0 I 0 I 0 0 0 0 \ 0 0 0 0 0 0 0 0 0 0 0 0 0 | 0 0 I | 0 0 0 0 0 0 0 0 0 0 | 0 0 0 0 |
I 0 0 0 0 0 0 I 0 I 0 0 0 0 0 \ 0 0 0 0 0 0 0 0 0 0 0 / 0 0 0 I | 0 0 0 0 0 0 0 0 0 0 | 0 0 0 0 |
I 0 m m 0 m 0 I 0 I 0 0 0 0 0 0 \ 0 0 0 0 0 0 0 0 0 / 0 0 0 0 I | 0 0 0 0 0 0 0 0 0 0 | 0 0 0 0 |
I 0 0 0 0 0 0 I 0 I 0 0 0 0 0 0 0 \ 0 0 0 0 0 0 0 / 0 0 0 0 0 I | 0 0 0 0 0 0 0 0 0 0 | 0 0 0 0 |
I 0 0 0 0 0 0 I 0 I 0 0 0 0 0 0 0 0 - - - - - - - 0 0 0 0 0 0 I | 0 0 0 0 0 0 0 0 0 / 0 0 0 0 0 |
I 0 0 0 0 0 0 I 0 0 \ 0 0 0 0 0 0 0 0 0 0 0 0 0 0 0 0 0 0 0 0 / 0 0 0 0 0 0 0 0 0 / 0 0 0 0 0 0 |
I 0 0 0 0 0 0 0 \ 0 0 \ 0 0 0 0 0 0 0 0 0 0 0 0 0 0 0 0 0 0 / 0 0 0 0 0 0 0 0 0 / 0 0 0 0 0 0 0 |
I 0 0 0 0 0 0 0 0 \ 0 0 \ 0 0 0 0 0 0 0 0 0 0 0 0 0 0 0 0 / 0 0 0 0 0 0 0 0 0 / 0 0 0 0 0 0 0 0 |
I 0 0 0 0 0 0 0 0 0 \ 0 0 \ 0 0 0 0 0 0 0 0 0 0 0 0 0 0 / 0 0 0 0 0 0 0 0 0 / 0 0 0 0 0 0 0 0 / 0
0 \ 0 0 0 0 0 0 0 0 0 \ 0 0 \ 0 0 0 0 0 0 0 0 0 0 0 0 / 0 0 0 0 0 0 0 0 0 / 0 0 0 0 0 0 0 0 / 0 0
0 0 \ 0 0 0 0 0 0 0 0 0 \ 0 0 - - - - - - - - - - - - 0 0 0 0 0 0 0 0 0 / 0 0 0 0 0 0 0 0 / 0 0 0
0 0 0 \ 0 0 0 0 0 0 0 0 0 \ 0 0 0 0 0 0 0 0 0 0 0 0 0 0 0 0 0 0 0 0 0 / 0 0 0 0 0 0 0 0 / 0 0 0 0
0 0 0 0 \ 0 0 0 0 0 0 0 0 0 - - - - - - - - - - - - - - - - - - - - - 0 0 0 0 0 0 0 0 / 0 0 0 0 0
0 0 0 0 0 \ 0 0 0 0 0 0 0 0 0 0 0 0 0 0 0 0 0 0 0 0 0 0 0 0 0 0 0 0 0 0 0 0 0 0 0 0 / 0 0 0 0 0 0
0 0 0 0 0 0 \ 0 0 0 0 0 0 0 0 0 0 0 0 0 0 0 0 0 0 0 0 0 0 0 0 0 0 0 0 0 0 0 0 0 0 / 0 0 0 0 0 0 0
0 0 0 0 0 0 0 \ 0 0 0 0 0 0 0 0 0 0 0 0 0 0 0 0 0 0 0 0 0 0 0 0 0 0 0 0 0 0 0 0 / 0 0 0 0 0 0 0 0
0 0 0 0 0 0 0 0 \ 0 0 0 0 0 0 0 0 0 0 0 0 0 0 0 0 0 0 0 0 0 0 0 0 0 0 0 0 0 0 / 0 0 0 0 0 0 0 0 0
0 0 0 0 0 0 0 0 0 \ 0 0 0 0 0 0 0 0 0 0 0 0 0 0 0 0 0 0 0 0 0 0 0 0 0 0 0 0 / 0 0 0 0 0 0 0 0 0 0
0 0 0 0 0 0 0 0 0 0 \ 0 0 0 0 0 0 0 0 0 0 0 0 0 0 0 0 0 0 0 0 0 0 0 0 0 0 / 0 0 0 0 0 0 0 0 0 0 0
0 0 0 0 0 0 0 0 0 0 0 - - - - - - - - - - - - - - - - - - - - - - - - - - 0 0 0 0 0 0 0 0 0 0 0 0
