0 0 0 0 0 0 0 0 0 0 0 0 0 0 0 0 0 0 0 0 0 0 0 0 0 0 0 0 0 0 0 0 0 0 0 0 0 0 0 0 0 0
0 0 0 0 0 0 0 0 0 0 0 0 0 0 0 0 0 0 0 0 0 0 0 0 0 0 0 0 0 0 0 0 0 0 0 0 0 0 0 0 0 0
0 0 0 0 0 0 0 0 0 0 0 0 0 0 0 _ _ _ _ _ _ _ _ _ _ _ _ _ _ _ _ _ _ _ _ _ _ _ _ _ 0 0
0 0 0 0 0 0 0 0 0 0 0 0 0 0 / 0 0 0 0 0 0 0 0 0 0 0 0 0 0 / 0 0 0 0 0 0 0 0 0 0 \ 0
0 0 0 0 0 0 0 0 0 0 0 0 0 / 0 0 0 0 0 0 0 0 0 0 0 0 0 0 / 0 0 0 0 0 0 0 0 0 0 0 0 |
0 0 0 0 0 0 0 0 0 0 0 0 / 0 0 0 0 0 0 0 0 0 0 0 0 0 0 0 0 0 0 0 0 0 0 0 0 0 0 0 0 |
0 0 0 0 0 0 0 0 0 0 0 / 0 0 0 0 0 0 0 0 0 0 0 0 0 0 0 0 0 0 0 0 0 0 0 0 0 0 G 0 0 |
0 0 0 0 0 0 0 0 0 0 / 0 0 0 0 0 0 0 0 0 0 0 0 0 0 0 0 0 0 0 0 0 0 0 0 0 0 0 0 0 0 |
0 0 0 0 0 0 0 0 0 / 0 0 0 0 0 0 0 0 0 0 0 0 0 0 / 0 0 0 0 0 0 0 0 0 0 0 0 0 0 0 0 |
0 0 0 0 0 0 0 0 / 0 0 0 0 0 0 0 0 0 0 0 0 0 0 / 0 0 0 0 0 0 0 / 0 0 0 0 0 0 0 0 0 |
0 0 _ _ _ _ _ / 0 0 0 0 0 0 _ _ _ _ _ _ _ _ / 0 0 0 0 0 0 0 / _ _ _ _ _ _ _ _ _ 0 |
0 / 0 0 0 0 0 0 0 0 0 0 0 0 0 0 0 0 0 0 0 0 0 0 0 0 0 0 0 0 0 0 0 0 0 0 0 0 0 0 \ |
I 0 0 0 0 0 0 0 0 0 0 0 0 0 0 0 0 0 0 0 0 0 0 0 0 0 0 0 0 0 0 0 0 0 0 0 0 0 0 0 0 |
I 0 0 0 0 0 B 0 0 0 0 0 0 0 0 0 0 0 0 0 0 0 0 0 0 0 0 0 0 0 0 0 0 0 0 0 0 0 0 E 0 |
I 0 0 0 0 0 0 0 0 0 0 0 0 0 0 0 0 0 0 0 0 0 0 0 0 0 0 0 0 0 0 0 0 0 0 0 0 0 0 0 0 |
I 0 0 0 0 0 B 0 0 0 0 0 0 0 0 0 0 0 0 0 0 0 0 0 0 0 0 0 0 0 0 0 0 0 0 0 0 0 0 E 0 |
I 0 0 0 0 0 0 0 0 0 _ _ _ _ _ _ _ 0 0 0 0 0 0 0 0 _ _ _ _ _ _ _ _ _ 0 0 0 0 0 0 0 |
I 0 0 0 0 0 0 0 0 / 0 0 0 0 0 0 / 0 0 0 0 0 0 0 / 0 0 0 0 0 0 / 0 0 0 0 0 0 0 0 0 |
I 0 0 0 0 0 0 0 / 0 0 0 0 0 0 / 0 0 0 0 0 0 0 / 0 0 0 0 0 0 / 0 0 0 0 0 0 0 0 0 / 0
I 0 0 0 0 0 0 / 0 0 0 0 0 0 / 0 0 0 0 0 0 0 / 0 0 0 0 0 0 / 0 0 0 0 0 0 0 0 0 / 0 0
I 0 0 0 0 0 I 0 0 0 0 0 0 / 0 0 0 0 0 0 0 / 0 0 0 0 0 0 / 0 0 0 0 0 0 0 0 0 / 0 0 0
I 0 0 0 0 0 I 0 0 0 0 0 / 0 0 0 0 0 0 0 / 0 0 0 0 0 0 / 0 0 0 0 0 0 0 0 0 / 0 0 0 0
I 0 0 0 0 0 I 0 0 0 0 / 0 0 0 0 0 0 0 / 0 0 0 0 0 0 / 0 0 0 0 0 0 0 0 0 / 0 0 0 0 0
I 0 0 0 0 0 I 0 0 0 / 0 0 0 0 0 0 0 / 0 0 0 0 0 0 / 0 0 0 0 0 0 0 0 0 / 0 0 0 0 0 0
I 0 0 0 0 0 I 0 0 / 0 0 0 0 0 0 0 / 0 0 0 0 0 0 / 0 0 0 0 0 0 0 0 0 / 0 0 0 0 0 0 0
I 0 0 0 0 0 0 \ / 0 0 0 0 0 0 0 / 0 0 0 0 0 0 I 0 0 0 0 0 0 0 0 0 / 0 0 0 0 0 0 0 0
I 0 0 0 0 0 0 0 0 0 0 0 0 0 0 / 0 0 0 0 0 0 0 I 0 0 0 0 0 0 0 0 0 0 0 0 0 0 0 0 0 0
I 0 0 0 0 0 0 0 0 0 0 0 0 0 / 0 0 0 0 0 0 0 0 I 0 0 0 0 0 0 0 0 0 0 0 0 0 0 0 0 0 0
I 0 0 0 0 0 0 0 0 0 0 0 0 / 0 0 0 0 0 0 0 0 0 I 0 0 0 0 0 0 0 0 0 0 < 0 0 0 0 0 0 0
I 0 0 0 0 0 0 0 0 0 0 0 / 0 0 0 0 0 0 0 0 0 0 0 \ 0 0 0 0 0 0 0 0 0 0 0 0 0 0 / 0 0
I 0 0 0 0 0 0 0 0 0 0 / 0 0 0 0 0 0 0 0 0 0 0 0 0 \ 0 0 0 0 0 0 0 0 0 0 0 0 / 0 0 0
I 0 0 0 0 0 0 0 0 0 / 0 0 0 0 0 0 0 0 0 0 0 0 0 0 0 \ 0 0 0 0 0 0 0 0 0 0 / 0 0 0 0
I 0 0 M 0 M 0 0 0 / 0 0 0 0 0 0 0 0 0 0 0 0 0 0 0 0 0 \ 0 0 M 0 M 0 0 0 / 0 0 0 0 0
0 \ 0 0 0 0 0 0 / 0 0 0 0 0 0 0 0 0 0 0 0 0 0 0 0 0 0 0 \ 0 0 0 0 0 0 / 0 0 0 0 0 0
0 0 - - - - - - 0 0 0 0 0 0 0 0 0 0 0 0 0 0 0 0 0 0 0 0 0 - - - - - - 0 0 0 0 0 0 0
0 0 0 0 0 0 0 0 0 0 0 0 0 0 0 0 0 0 0 0 0 0 0 0 0 0 0 0 0 0 0 0 0 0 0 0 0 0 0 0 0 0

